Date,Open,High,Low,Close
20/11/2025 16:00:00,241,9,241,9,240,66,240,67
21/11/2025 10:00:00,241,87999,245,79001,241,28499,244,9
21/11/2025 11:00:00,244,90001,248,5,244,79,247,77501
21/11/2025 12:00:00,247,775,251,48999,247,06259,251,48999
21/11/2025 13:00:00,251,48999,253,74,251,4,253,58499
21/11/2025 14:00:00,253,585,253,97,252,11499,253,54001
21/11/2025 15:00:00,253,54,253,54,252,3,253,17
21/11/2025 16:00:00,253,17,253,67,251,25,251,84
24/11/2025 10:00:00,250,98999,251,33,246,135,248,06
24/11/2025 11:00:00,248,06,250,19002,247,72699,249,45999
24/11/2025 12:00:00,249,45999,250,29001,247,65999,248,33401
24/11/2025 13:00:00,248,24501,249,247,1001,248,555
24/11/2025 14:00:00,248,555,249,22002,248,18,248,95659
24/11/2025 15:00:00,248,95659,248,95659,246,34001,246,4399
24/11/2025 16:00:00,246,43991,246,72002,243,23999,243,63101
25/11/2025 10:00:00,245,248,91002,245,248,1
25/11/2025 11:00:00,247,89001,250,93001,247,11,249,885
25/11/2025 12:00:00,249,885,251,5,249,885,251,37001
25/11/2025 13:00:00,251,37,251,59999,250,26279,251,59999
25/11/2025 14:00:00,251,59999,251,6799,249,86009,250,12999
25/11/2025 15:00:00,250,13,250,72,249,55,249,76001
25/11/2025 16:00:00,249,76,250,53,249,16,249,25
26/11/2025 10:00:00,250,28,251,94002,249,02,250,05501
26/11/2025 11:00:00,250,05501,250,54001,246,89,247,71
26/11/2025 12:00:00,247,70999,249,03,247,38998,248,95
26/11/2025 13:00:00,248,95,249,33,248,5,248,9
26/11/2025 14:00:00,248,9,249,50002,248,2282,248,48
26/11/2025 15:00:00,248,48,248,76,248,23,248,29
26/11/2025 16:00:00,248,29,248,43,247,71999,247,76999
28/11/2025 10:00:00,246,81999,249,68999,245,1301,249,12999
28/11/2025 11:00:00,249,13,250,89,249,13,250,74
28/11/2025 12:00:00,250,74,251,45001,250,49,250,92
28/11/2025 13:00:00,250,85,251,31,249,92,250
01/12/2025 10:00:00,251,68001,256,28,251,0201,255,995
01/12/2025 11:00:00,255,995,257,435,255,26999,257,18
01/12/2025 12:00:00,257,18,258,895,256,79,258,85
01/12/2025 13:00:00,258,85,258,86,257,3465,258,69
01/12/2025 14:00:00,258,69,258,84,257,91998,257,985
01/12/2025 15:00:00,257,985,258,24,257,0521,257,38
01/12/2025 16:00:00,257,38,258,05002,257,05002,257,43
02/12/2025 10:00:00,257,79,261,47998,257,2562,257,47
02/12/2025 11:00:00,257,47,258,96002,257,258,9053
02/12/2025 12:00:00,258,9053,260,105,258,75,259,55002
02/12/2025 13:00:00,259,55002,261,95,259,55002,261,66
02/12/2025 14:00:00,261,66,262,73502,260,71503,261,505
02/12/2025 15:00:00,261,505,262,34003,260,91348,262,06
02/12/2025 16:00:00,262,06,262,96,261,261,04
03/12/2025 10:00:00,261,97998,266,57,261,74503,265,70502
03/12/2025 11:00:00,265,70502,266,55,264,21,265,61002
03/12/2025 12:00:00,265,61,267,14,265,55,266,12
03/12/2025 13:00:00,266,12,267,54,265,8223,267,53
03/12/2025 14:00:00,267,53,269,63998,267,3321,269,22
03/12/2025 15:00:00,269,22,271,46002,268,9022,270,99503
03/12/2025 16:00:00,271,0202,274,06003,270,95,272,94998
04/12/2025 10:00:00,278,6,280,71,271,81,273,25
04/12/2025 11:00:00,273,25,273,54,270,66,271,31003
04/12/2025 12:00:00,271,32,271,69,269,6,269,7074
04/12/2025 13:00:00,269,7074,270,78,269,63,270,28998
04/12/2025 14:00:00,270,28998,271,54,269,63,271,35498
04/12/2025 15:00:00,271,35498,271,5,270,13998,270,86002
04/12/2025 16:00:00,270,86,271,37,269,17,269,33
05/12/2025 10:00:00,268,1,271,266,07,268,44998
05/12/2025 11:00:00,268,44998,269,18002,267,78998,268,745
05/12/2025 12:00:00,268,74503,268,77002,266,62003,266,88998
05/12/2025 13:00:00,266,88998,267,72998,266,25998,267,235
05/12/2025 14:00:00,267,235,268,31,266,9931,268,245
05/12/2025 15:00:00,268,245,268,52502,267,85,267,96
05/12/2025 16:00:00,267,96,268,62,266,24,266,58
08/12/2025 10:00:00,265,72998,268,63,265,00558,268,25998
08/12/2025 11:00:00,268,25998,268,475,266,11,266,88498
08/12/2025 12:00:00,266,88498,266,99,266,266,88498
08/12/2025 13:00:00,266,88498,267,47998,266,47,267,26498
08/12/2025 14:00:00,267,26498,267,43,266,03,266,75
08/12/2025 15:00:00,266,75,267,55478,266,00998,267
08/12/2025 16:00:00,267,267,8,266,29,266,64
09/12/2025 10:00:00,267,93,271,07,267,25,270,77
09/12/2025 11:00:00,270,77002,272,31,269,90378,271,97998
09/12/2025 12:00:00,271,98,272,40002,271,02002,271,81
09/12/2025 13:00:00,271,81,271,90002,269,3725,269,935
09/12/2025 14:00:00,269,93503,270,27002,269,31,270,23
09/12/2025 15:00:00,270,23,270,4499,268,91,269,52
09/12/2025 16:00:00,269,52,270,25,269,38,269,63
10/12/2025 10:00:00,268,38,269,65,268,05,268,89502
10/12/2025 11:00:00,268,895,270,35,268,76,270,14
10/12/2025 12:00:00,270,13998,270,45,268,53,268,92502
10/12/2025 13:00:00,268,925,269,31,268,19,268,72998
10/12/2025 14:00:00,268,73,269,22,268,63,269,19
10/12/2025 15:00:00,269,19,272,24503,268,72998,272,1
10/12/2025 16:00:00,272,1,273,64,271,64,272,32
11/12/2025 10:00:00,273,16998,277,65,272,7,277,02002
11/12/2025 11:00:00,277,02,277,15,273,13,273,315
11/12/2025 12:00:00,273,315,273,57,270,78,271,045
11/12/2025 13:00:00,271,045,272,79,270,93002,272,32
11/12/2025 14:00:00,272,32,272,56003,270,83,271,02002
11/12/2025 15:00:00,271,02,271,37003,270,62003,271,095
11/12/2025 16:00:00,271,095,272,15002,269,71,270,38
12/12/2025 10:00:00,271,96,273,4382,271,07,271,78998
12/12/2025 11:00:00,271,79,272,4,270,97,271,36002
12/12/2025 12:00:00,271,36,271,97998,270,56,270,87
12/12/2025 13:00:00,270,87,272,00998,270,29498,271,965
12/12/2025 14:00:00,271,965,272,07,271,1,271,32498
12/12/2025 15:00:00,271,32498,272,5,271,21,272,38998
12/12/2025 16:00:00,272,39,272,8,271,04,271,64
15/12/2025 10:00:00,276,276,4,273,7255,273,925
15/12/2025 11:00:00,273,925,274,5,271,02,272,64
15/12/2025 12:00:00,272,63998,274,03,272,273,6972
15/12/2025 13:00:00,273,6972,274,41,273,4318,273,77618
15/12/2025 14:00:00,273,77618,274,6,272,785,273,045
15/12/2025 15:00:00,273,045,275,3491,273,045,275,3491
15/12/2025 16:00:00,275,35,275,64,274,45,274,7
16/12/2025 10:00:00,280,281,13,272,1795,273,475
16/12/2025 11:00:00,273,475,273,84003,270,83,272,94998
16/12/2025 12:00:00,272,95,274,39,272,35,273,37003
16/12/2025 13:00:00,273,37003,274,68002,272,3,272,42502
16/12/2025 14:00:00,272,42502,272,94,270,94998,272,1
16/12/2025 15:00:00,272,09998,272,86996,271,19998,272,43997
16/12/2025 16:00:00,272,44,273,39,271,91,271,99
17/12/2025 10:00:00,272,65,277,8,272,277,26
17/12/2025 11:00:00,277,13,279,38,275,44,275,71
17/12/2025 12:00:00,275,71002,277,6,275,3544,276,25
17/12/2025 13:00:00,276,25,276,32,273,6,274,01248
17/12/2025 14:00:00,274,01248,275,5579,273,88998,274,79
17/12/2025 15:00:00,274,78998,275,273,52008,274,53
17/12/2025 16:00:00,274,53,276,17502,273,23,273,86002
18/12/2025 10:00:00,263,34,272,37,261,5,267,65
18/12/2025 11:00:00,267,65,271,55,266,25,270,52
18/12/2025 12:00:00,270,52,271,5,266,94,267,55002
18/12/2025 13:00:00,267,57,270,58002,266,8936,269,66498
18/12/2025 14:00:00,269,66498,271,29,269,15,270,19
18/12/2025 15:00:00,270,19,270,6099,269,29,269,77
18/12/2025 16:00:00,269,77002,272,3,269,595,269,96002
19/12/2025 10:00:00,270,273,74002,270,272,6445
19/12/2025 11:00:00,272,6445,276,35,272,445,274
19/12/2025 12:00:00,274,276,81003,273,63,275,565
19/12/2025 13:00:00,275,565,275,799,274,32,274,44998
19/12/2025 14:00:00,274,44998,275,40002,274,26498,274,87003
19/12/2025 15:00:00,274,87,274,96,273,59,274,54
19/12/2025 16:00:00,274,54,274,75,272,23,272,33
22/12/2025 10:00:00,271,84,272,8,267,85,269,99
22/12/2025 11:00:00,269,99002,271,9999,269,61,271,06003
22/12/2025 12:00:00,271,06,272,05,270,65,271,091
22/12/2025 13:00:00,271,091,272,005,270,5422,271,21002
22/12/2025 14:00:00,271,21,271,655,270,66348,270,97
22/12/2025 15:00:00,270,97,270,9935,269,605,270,19
22/12/2025 16:00:00,270,19,270,87003,269,765,270,58
23/12/2025 10:00:00,269,82,271,66602,269,57,270,04
23/12/2025 11:00:00,270,03998,271,15002,269,83502,270,36502
23/12/2025 12:00:00,270,36502,270,49,268,94998,269,58002
23/12/2025 13:00:00,269,46002,269,8699,268,78,269,27002
23/12/2025 14:00:00,269,27,270,15988,269,00168,269,88
23/12/2025 15:00:00,269,88,270,9599,269,88,270,604
23/12/2025 16:00:00,270,604,271,08,269,99503,270,78
24/12/2025 10:00:00,270,03,271,71002,269,7409,271,0764
24/12/2025 11:00:00,271,0764,271,91998,270,45477,271,35077
24/12/2025 12:00:00,271,35077,271,35077,270,483,270,97
24/12/2025 13:00:00,270,97,271,22,269,93,270,06
26/12/2025 10:00:00,269,9,271,75,269,8285,271,365
26/12/2025 11:00:00,271,365,271,53998,269,91,270,41998
26/12/2025 12:00:00,270,41998,270,58,269,5435,270,16
26/12/2025 13:00:00,270,16,270,43,269,93,270,03
26/12/2025 14:00:00,270,03,270,21002,269,5,270,11688
26/12/2025 15:00:00,270,11688,270,315,269,90002,270,24002
26/12/2025 16:00:00,270,22,271,14,270,11,271,1
29/12/2025 10:00:00,270,97998,273,27,270,75778,271,81
29/12/2025 11:00:00,271,81,272,5,271,005,271,41998
29/12/2025 12:00:00,271,42,271,7,270,54,270,88
29/12/2025 13:00:00,270,88,271,16,269,945,271,09003
29/12/2025 14:00:00,271,09,271,84003,270,86002,271,61002
29/12/2025 15:00:00,271,61002,271,84003,271,22,271,45502
29/12/2025 16:00:00,271,455,272,01,271,18,271,38
30/12/2025 10:00:00,270,43,272,42,269,875,272
30/12/2025 11:00:00,272,272,270,07,270,77
30/12/2025 12:00:00,270,77002,270,88,269,80002,269,83
30/12/2025 13:00:00,269,83002,270,252,269,52,269,94308
30/12/2025 14:00:00,269,94308,270,47,269,74002,270,18
30/12/2025 15:00:00,270,18002,270,27,269,8328,270,06003
30/12/2025 16:00:00,270,06,270,575,269,68,270
31/12/2025 10:00:00,269,74,270,93002,269,605,270,34
31/12/2025 11:00:00,270,34,270,4,269,12,269,41998
31/12/2025 12:00:00,269,41998,269,71002,269,0123,269,12
31/12/2025 13:00:00,269,12003,269,30002,269,00003,269,19003
31/12/2025 14:00:00,269,19,269,78,268,89,269,64
31/12/2025 15:00:00,269,64,269,9596,269,03,269,13
31/12/2025 16:00:00,269,13,269,16,268,32,268,33
02/01/2026 10:00:00,268,79,269,84,263,29,265,66
02/01/2026 11:00:00,265,33002,265,77103,258,260,92
02/01/2026 12:00:00,260,92,264,03,260,825,263,56
02/01/2026 13:00:00,263,56,264,58,261,28128,261,44
02/01/2026 14:00:00,261,44003,261,63004,259,93002,260,56003
02/01/2026 15:00:00,260,70248,262,30002,260,4001,262,02002
02/01/2026 16:00:00,262,02,262,15,259,26,259,92
05/01/2026 10:00:00,259,56,264,54,259,475,262,77002
05/01/2026 11:00:00,262,77002,264,55002,262,745,263,24002
05/01/2026 12:00:00,263,24,265,63,262,94,265,53
05/01/2026 13:00:00,265,53,266,75,264,3122,264,43002
05/01/2026 14:00:00,264,43002,264,924,264,18,264,64
05/01/2026 15:00:00,264,63998,265,3106,263,88998,263,98
05/01/2026 16:00:00,263,98,264,295,263,25,263,98
06/01/2026 10:00:00,263,03,268,44,262,0942,267,74
06/01/2026 11:00:00,267,74,270,26498,266,28,269,29
06/01/2026 12:00:00,269,29,270,5,268,95,270,34
06/01/2026 13:00:00,270,34,271,78,270,245,271,03998
06/01/2026 14:00:00,271,03998,272,16498,271,00998,271,93
06/01/2026 15:00:00,271,93,273,28998,271,77118,272,875
06/01/2026 16:00:00,272,875,275,99,272,81,275,96
07/01/2026 10:00:00,276,36002,281,87003,276,00998,278,255
07/01/2026 11:00:00,278,255,278,49002,274,34,275,24
07/01/2026 12:00:00,275,24,275,5,272,5,272,505
07/01/2026 13:00:00,272,505,273,94,272,00998,273,41
07/01/2026 14:00:00,273,41,274,61002,273,3975,274,085
07/01/2026 15:00:00,274,08502,274,55002,271,89,272,65002
07/01/2026 16:00:00,272,65002,274,18002,272,4201,273,98
08/01/2026 10:00:00,273,97998,281,07,272,115,281,07
08/01/2026 11:00:00,281,02002,283,97,278,82,283,47998
08/01/2026 12:00:00,283,47998,284,68002,282,64288,284,6555
08/01/2026 13:00:00,284,59,286,265,284,44998,286,02
08/01/2026 14:00:00,286,02,286,54,284,94,285,285
08/01/2026 15:00:00,285,285,286,23,284,09,286,155
08/01/2026 16:00:00,286,2494,286,57,281,36002,281,74
09/01/2026 10:00:00,282,53,284,40002,280,41,280,8118
09/01/2026 11:00:00,280,99,281,22998,277,3271,279,4
09/01/2026 12:00:00,279,4,281,43588,278,755,281,245
09/01/2026 13:00:00,281,245,281,54,279,91998,280,405
09/01/2026 14:00:00,280,19998,280,99997,279,93997,280,74
09/01/2026 15:00:00,280,74,281,24,280,13,281,03998
09/01/2026 16:00:00,281,04,282,280,56,280,66
12/01/2026 10:00:00,279,54,281,38998,276,6078,279,305
12/01/2026 11:00:00,279,305,280,79,278,103,280,02
12/01/2026 12:00:00,280,02,280,44998,278,8518,280,27
12/01/2026 13:00:00,280,27,280,74,279,2928,280,1
12/01/2026 14:00:00,280,065,280,44998,278,88,279,78198
12/01/2026 15:00:00,279,78198,280,49,279,21,280,13
12/01/2026 16:00:00,280,13,281,33,279,34,280,95
13/01/2026 10:00:00,278,9,280,5,275,475,276,065
13/01/2026 11:00:00,276,065,276,3,273,274,26102
13/01/2026 12:00:00,274,26102,275,86002,273,88498,274,97
13/01/2026 13:00:00,274,97,276,62003,274,97,275,725
13/01/2026 14:00:00,275,725,276,09003,274,6501,275,09003
13/01/2026 15:00:00,275,09,276,93002,275,276,169
13/01/2026 16:00:00,276,169,276,87003,274,94,276,86002
14/01/2026 10:00:00,276,61,287,44,276,175,285,64
14/01/2026 11:00:00,285,68,291,09,284,79718,286,56003
14/01/2026 12:00:00,286,56003,289,11603,286,56,287,23502
14/01/2026 13:00:00,287,23502,289,30002,286,715,289,24002
14/01/2026 14:00:00,289,24002,290,25,288,72998,289,265
14/01/2026 15:00:00,289,26498,290,31003,289,031,290,2785
14/01/2026 16:00:00,290,2785,290,68,287,44998,288,57
15/01/2026 10:00:00,287,93,290,665,286,58,287,86002
15/01/2026 11:00:00,287,86002,289,42,285,42,289,03003
15/01/2026 12:00:00,289,290,55002,288,69998,288,88
15/01/2026 13:00:00,288,88,289,46002,286,12,286,245
15/01/2026 14:00:00,286,24503,288,1598,285,21,288,1598
15/01/2026 15:00:00,288,1598,288,26,286,36002,287,03
15/01/2026 16:00:00,287,03,288,6,286,67,287,8
16/01/2026 10:00:00,285,43,287,31,280,74,281,65
16/01/2026 11:00:00,281,65,285,64,281,65,285,46
16/01/2026 12:00:00,285,46002,286,92,284,3128,286,83002
16/01/2026 13:00:00,286,83002,288,81003,286,695,288,225
16/01/2026 14:00:00,288,225,289,16,287,74,287,815
16/01/2026 15:00:00,287,815,288,42502,287,20502,287,2525
16/01/2026 16:00:00,287,2525,287,6,286,27,286,31
20/01/2026 10:00:00,282,44,287,265,282,06,285,50998
20/01/2026 11:00:00,285,51,285,58502,280,51498,283,57
20/01/2026 12:00:00,283,57,283,57,279,75,281,51
20/01/2026 13:00:00,281,50998,281,82,279,68,279,795
20/01/2026 14:00:00,279,795,280,13,277,19998,277,3034
20/01/2026 15:00:00,277,3034,277,74,274,04,274,27
20/01/2026 16:00:00,274,27,274,6,272,22,272,71
21/01/2026 10:00:00,275,282,23,274,95,282,01
21/01/2026 11:00:00,282,00998,285,37,281,00998,285,31
21/01/2026 12:00:00,285,31,285,535,280,38998,280,55502
21/01/2026 13:00:00,280,555,281,97,280,13,280,71
21/01/2026 14:00:00,280,71,281,87003,280,04,280,435
21/01/2026 15:00:00,280,435,282,58502,279,2635,281,21002
21/01/2026 16:00:00,281,25,282,11002,280,125,280,76
22/01/2026 10:00:00,283,83,287,79,283,83,286,84
22/01/2026 11:00:00,286,84,289,286,08,287,57
22/01/2026 12:00:00,287,57,287,69,284,7,284,96
22/01/2026 13:00:00,284,96,286,70502,284,595,285,82
22/01/2026 14:00:00,285,82,285,98,284,81,285,05
22/01/2026 15:00:00,285,05,285,6199,283,38998,283,57
22/01/2026 16:00:00,283,57,285,945,283,555,285,125
23/01/2026 10:00:00,284,34,285,94,281,03998,282,66998
23/01/2026 11:00:00,282,66998,283,7599,280,72,281,38498
23/01/2026 12:00:00,281,38498,282,1099,280,715,281,22
23/01/2026 13:00:00,281,22,282,04,280,3475,280,405
23/01/2026 14:00:00,280,405,282,2799,279,68,281,945
23/01/2026 15:00:00,281,945,282,58,281,33,281,70718
23/01/2026 16:00:00,281,70718,281,75,280,56,281,05002
26/01/2026 10:00:00,283,25,284,59,276,1401,277
26/01/2026 11:00:00,277,281,235,276,8995,279,87
26/01/2026 12:00:00,279,87,282,71,279,47,282,08
26/01/2026 13:00:00,281,93,282,38998,281,281,82498
26/01/2026 14:00:00,281,82498,282,05,280,96588,281,22998
26/01/2026 15:00:00,281,22998,282,5809,280,88,282,44
26/01/2026 16:00:00,282,44,282,87,280,63,280,72
27/01/2026 10:00:00,280,280,276,28,277,22998
27/01/2026 11:00:00,277,5,278,32,276,35,277,1501
27/01/2026 12:00:00,277,1501,277,49002,275,26,275,82748
27/01/2026 13:00:00,275,82748,276,25,274,1601,275,74
27/01/2026 14:00:00,275,74,276,74,275,4101,276,25
27/01/2026 15:00:00,276,25,277,13,275,66498,276,66498
27/01/2026 16:00:00,276,66498,277,345,275,32,275,82
28/01/2026 10:00:00,275,82,278,66,275,0536,276,03
28/01/2026 11:00:00,276,03,276,095,273,00998,273,1
28/01/2026 12:00:00,273,25,273,72,271,26,272,38
28/01/2026 13:00:00,272,38,272,52502,269,71,270,35
28/01/2026 14:00:00,270,35,270,78,269,68268,270,08
28/01/2026 15:00:00,270,08002,271,48,267,86002,269,26
28/01/2026 16:00:00,269,26,271,19,268,66,270,29
29/01/2026 10:00:00,269,69,271,19998,263,75,264,03403
29/01/2026 11:00:00,264,03403,265,26,263,18,264,1425
29/01/2026 12:00:00,264,06,264,15,259,95,261,9
29/01/2026 13:00:00,262,005,262,65002,258,31,258,48
29/01/2026 14:00:00,258,47998,259,96,257,68,258,53998
29/01/2026 15:00:00,258,54,261,37,258,54,259,37
29/01/2026 16:00:00,259,37003,261,36,257,365,261,1
30/01/2026 10:00:00,261,22,263,88,259,9,260,57
30/01/2026 11:00:00,260,78,262,88998,260,62,261,12
30/01/2026 12:00:00,261,24,262,25,261,09,261,7
30/01/2026 13:00:00,261,69998,262,05502,260,5795,261,26498
30/01/2026 14:00:00,261,26498,263,08002,260,69998,262,94998
30/01/2026 15:00:00,262,95,264,54,262,95,263,16
30/01/2026 16:00:00,263,16,264,27,262,17,263,66
02/02/2026 10:00:00,264,06,268,835,262,1501,266,72998
02/02/2026 11:00:00,266,73,268,46002,266,21002,266,79
02/02/2026 12:00:00,266,79,267,72,266,45,267,14
02/02/2026 13:00:00,267,13998,267,3,266,22998,266,78
02/02/2026 14:00:00,266,78,267,19,266,53,266,79498
02/02/2026 15:00:00,266,79498,269,15,266,7074,267,35
02/02/2026 16:00:00,267,35,268,03,266,53,266,82
03/02/2026 10:00:00,249,19,251,55,241,87,247,51
03/02/2026 11:00:00,247,51,249,01001,243,243
03/02/2026 12:00:00,243,00002,244,28001,241,83,242,75201
03/02/2026 13:00:00,242,75201,242,9299,240,04,240,6
03/02/2026 14:00:00,240,62,241,07,238,14,239,27
03/02/2026 15:00:00,239,27,240,79,238,65,240,6
03/02/2026 16:00:00,240,57,242,8,240,26,241,25
04/02/2026 10:00:00,236,61002,237,99501,231,84999,235,72
04/02/2026 11:00:00,235,72002,244,08002,235,21,242,91002
04/02/2026 12:00:00,242,91002,244,90001,242,06,243,72499
04/02/2026 13:00:00,243,725,245,06999,242,65,242,86499
04/02/2026 14:00:00,242,86499,243,08,241,24,242,661
04/02/2026 15:00:00,242,66101,245,03001,242,13629,244,59
04/02/2026 16:00:00,244,59,244,76,241,39,241,61
05/02/2026 10:00:00,240,47,244,73001,238,68999,239,53299
05/02/2026 11:00:00,239,53299,239,96,236,76,237,56499
05/02/2026 12:00:00,237,56502,239,32,236,54,239,28
05/02/2026 13:00:00,239,28,240,11002,235,51999,235,755
05/02/2026 14:00:00,235,755,236,76,233,83,234,82509
05/02/2026 15:00:00,234,82509,235,8725,234,05002,235,105
05/02/2026 16:00:00,235,12,235,535,232,73001,233,58
06/02/2026 10:00:00,232,29999,238,2399,232,236,89
06/02/2026 11:00:00,236,89,238,29001,234,20999,236,195
06/02/2026 12:00:00,236,19499,239,06,235,97,238,97
06/02/2026 13:00:00,239,06999,239,65,237,875,238,22002
06/02/2026 14:00:00,238,22002,238,74309,237,26,238,12999
06/02/2026 15:00:00,238,12999,240,26501,238,12999,240,02
06/02/2026 16:00:00,240,02,241,09,238,99,240,61
09/02/2026 10:00:00,235,59,236,92,231,86,232,52
09/02/2026 11:00:00,232,52,233,78,232,06,233,03
09/02/2026 12:00:00,233,12502,234,12001,232,89001,233,95001
09/02/2026 13:00:00,233,95001,234,98999,233,17,234,52501
09/02/2026 14:00:00,234,52501,236,796,234,34999,236,71501
09/02/2026 15:00:00,236,715,237,24,236,28001,237,12
09/02/2026 16:00:00,237,12,239,236,75,236,86
10/02/2026 10:00:00,238,12999,239,69002,235,239,57501
10/02/2026 11:00:00,239,57501,242,39001,238,87001,240,9
10/02/2026 12:00:00,240,9,242,27,240,73,241,615
10/02/2026 13:00:00,241,615,243,59999,241,41002,243,1
10/02/2026 14:00:00,243,1,243,13,240,25,240,83
10/02/2026 15:00:00,240,83,241,98,240,71,241,39
10/02/2026 16:00:00,241,39,241,76,240,33,240,91
11/02/2026 10:00:00,241,92,242,31,232,92,233,05
11/02/2026 11:00:00,233,05,233,73,230,230,65
11/02/2026 12:00:00,230,65,230,97,228,83,229,29
11/02/2026 13:00:00,229,29001,231,65001,229,02,230,47
11/02/2026 14:00:00,230,47002,230,6099,229,230,47
11/02/2026 15:00:00,230,47,232,37502,230,39001,231,75002
11/02/2026 16:00:00,231,75,232,05501,229,51,230,34001
12/02/2026 10:00:00,228,37,230,25,224,43,225,96
12/02/2026 11:00:00,225,95999,226,65501,218,43,218,47
12/02/2026 12:00:00,218,47,219,29,216,16,217,075
12/02/2026 13:00:00,217,075,217,87001,215,15999,215,86499
12/02/2026 14:00:00,215,86499,219,79001,215,17,219,09259
12/02/2026 15:00:00,219,09259,222,81999,218,75601,221,5
12/02/2026 16:00:00,221,5,223,57,221,29,222,06
13/02/2026 10:00:00,223,07,226,40999,220,91501,223,785
13/02/2026 11:00:00,223,785,225,13,221,48999,222,88501
13/02/2026 12:00:00,222,84001,224,00002,221,8,223,52501
13/02/2026 13:00:00,223,52501,227,31001,223,34001,224,38501
13/02/2026 14:00:00,224,38501,225,56801,223,86002,224,63
13/02/2026 15:00:00,224,62999,225,85999,223,87999,223,99998
13/02/2026 16:00:00,224,224,89,222,89,224,18
17/02/2026 10:00:00,227,18,229,11,221,64,221,71
17/02/2026 11:00:00,221,71,221,75,217,33,217,85
17/02/2026 12:00:00,217,91501,222,46501,217,59,221,20999
17/02/2026 13:00:00,221,21,221,75,218,98,219,39
17/02/2026 14:00:00,219,39001,220,49501,218,73999,220,41
17/02/2026 15:00:00,220,40999,221,00002,219,44499,219,98502
17/02/2026 16:00:00,219,98502,221,18,219,59,219,79999
18/02/2026 10:00:00,219,42,222,54,217,16249,222,25
18/02/2026 11:00:00,222,25,224,04999,221,92,222,595
18/02/2026 12:00:00,222,595,223,65999,221,18,223,61
18/02/2026 13:00:00,223,61,224,26,223,26,223,87999
18/02/2026 14:00:00,223,87999,224,08,222,83,223,33499
18/02/2026 15:00:00,223,33499,224,19499,222,93,223,31
18/02/2026 16:00:00,223,31,223,8,222,54,223,6
19/02/2026 10:00:00,215,216,211,06,214,88
19/02/2026 11:00:00,214,88,216,28,211,93,212,18
19/02/2026 12:00:00,212,18,213,48,211,32999,213,06999
19/02/2026 13:00:00,213,06999,214,02,212,65,212,95999
19/02/2026 14:00:00,212,96,213,64769,212,54999,212,75249
19/02/2026 15:00:00,212,75249,212,87,211,76,211,76999
19/02/2026 16:00:00,211,77,215,06,211,73,214,9
20/02/2026 10:00:00,213,62001,216,34,212,00009,216,01
20/02/2026 11:00:00,216,01,218,47,213,64,214,3275
20/02/2026 12:00:00,214,3275,215,0244,213,06999,214
20/02/2026 13:00:00,214,214,16,212,21,213,12
20/02/2026 14:00:00,213,12,214,86002,211,935,214,62
20/02/2026 15:00:00,214,62,214,91501,213,43,213,43
20/02/2026 16:00:00,213,43,215,65501,213,37,215,48999
23/02/2026 10:00:00,212,01999,214,02,208,96501,209,395
23/02/2026 11:00:00,209,395,210,60501,207,65999,207,93501
23/02/2026 12:00:00,207,97002,208,52,207,08,207,91
23/02/2026 13:00:00,207,90001,208,12001,206,97,207,565
23/02/2026 14:00:00,207,565,208,06001,204,37,204,63
23/02/2026 15:00:00,204,63,206,09,202,68,202,84
23/02/2026 16:00:00,202,84,203,48,199,1,201,08
24/02/2026 10:00:00,200,204,3,196,52,196,68
24/02/2026 11:00:00,196,68,203,82501,196,09,201,26501
24/02/2026 12:00:00,201,26501,202,45999,200,25,200,71501
24/02/2026 13:00:00,200,715,201,57,199,70999,200,08002
24/02/2026 14:00:00,200,08002,200,87001,199,51,199,51
24/02/2026 15:00:00,199,51,200,58002,198,89,199,0456
24/02/2026 16:00:00,199,0456,199,61002,196,33,196,70999
25/02/2026 10:00:00,196,23001,196,82,188,73001,190,89601
25/02/2026 11:00:00,190,89601,193,58,190,896,191,82
25/02/2026 12:00:00,191,82,192,75002,189,67001,192,21501
25/02/2026 13:00:00,192,11002,192,67001,191,34999,192,17001
25/02/2026 14:00:00,192,17,192,52,191,69,192,13501
25/02/2026 15:00:00,192,135,193,00002,191,29109,192,015
25/02/2026 16:00:00,192,01501,192,24501,191,01999,191,54001
26/02/2026 10:00:00,194,203,67,193,99,203,67
26/02/2026 11:00:00,203,67,205,48,202,36,204,98
26/02/2026 12:00:00,204,98,206,74,203,04,203,58
26/02/2026 13:00:00,203,58,204,3,202,82,203,95502
26/02/2026 14:00:00,203,955,204,785,203,45001,204,33002
26/02/2026 15:00:00,204,33,207,39,204,12,206,275
26/02/2026 16:00:00,206,27501,207,48999,206,15,207,39
27/02/2026 10:00:00,204,17,204,8,199,26,202,24
27/02/2026 11:00:00,202,23999,204,52,201,59999,204,37502
27/02/2026 12:00:00,204,46501,205,42,204,205,07501
27/02/2026 13:00:00,205,07501,206,76001,204,73,206,3673
27/02/2026 14:00:00,206,3673,208,04869,206,34,207,28
27/02/2026 15:00:00,207,28,208,39,207,03,207,65
27/02/2026 16:00:00,207,65,208,86002,207,58499,208,67001
02/03/2026 10:00:00,205,24,209,15001,205,23999,206,78499
02/03/2026 11:00:00,206,78499,207,26,204,725,205,545
02/03/2026 12:00:00,205,54501,205,86002,204,31999,205,57501
02/03/2026 13:00:00,205,57501,206,51999,205,2,206,31999
02/03/2026 14:00:00,206,31999,206,83951,205,68,205,94499
02/03/2026 15:00:00,205,94499,207,22002,205,59,207,04
02/03/2026 16:00:00,207,04,207,25,205,71,205,88
03/03/2026 10:00:00,203,209,203,205,945
03/03/2026 11:00:00,205,945,208,47002,203,90001,207,61002
03/03/2026 12:00:00,207,6,212,68001,207,54,211,68999
03/03/2026 13:00:00,211,69,211,71501,210,14001,210,96501
03/03/2026 14:00:00,210,965,212,49,210,931,212,355
03/03/2026 15:00:00,212,35501,213,24501,210,31,210,31999
03/03/2026 16:00:00,210,32,211,23,208,8,209,89
04/03/2026 10:00:00,209,88,213,09001,208,61002,212,925
04/03/2026 11:00:00,212,925,214,56001,211,98,214,18001
04/03/2026 12:00:00,214,18,215,54,213,65999,213,98
04/03/2026 13:00:00,213,98,213,98,211,92001,212,5399
04/03/2026 14:00:00,212,5399,213,56999,212,0105,212,26001
04/03/2026 15:00:00,212,26,212,9899,212,051,212,265
04/03/2026 16:00:00,212,265,213,17001,209,99,209,99501
05/03/2026 10:00:00,209,79999,216,209,3001,215,5
05/03/2026 11:00:00,215,5,216,655,213,7171,215,34999
05/03/2026 12:00:00,215,33,216,625,214,23999,215,75499
05/03/2026 13:00:00,215,76,216,37999,214,12,214,995
05/03/2026 14:00:00,214,995,215,72499,214,65999,215,28499
05/03/2026 15:00:00,215,28499,216,64,215,09999,216,56
05/03/2026 16:00:00,216,56,216,56,213,99,213,99
06/03/2026 10:00:00,215,20999,217,23999,212,64,213,02501
06/03/2026 11:00:00,213,02501,216,65999,212,216,09999
06/03/2026 12:00:00,216,09999,216,85,214,53001,215,86499
06/03/2026 13:00:00,215,86499,216,79,213,98999,214,07
06/03/2026 14:00:00,214,06999,215,11002,213,92,214,11
06/03/2026 15:00:00,214,11002,217,45001,213,97002,217,37039
06/03/2026 16:00:00,217,37039,218,59502,214,98,215
09/03/2026 10:00:00,212,98999,215,65,210,23,211,115
09/03/2026 11:00:00,211,115,211,61,209,175,210,08002
09/03/2026 12:00:00,210,07,210,12999,208,34999,209,335
09/03/2026 13:00:00,209,335,210,29501,208,12,208,93001
09/03/2026 14:00:00,208,93,208,93001,206,17,206,72
09/03/2026 15:00:00,206,72,207,75,205,8313,206,235
09/03/2026 16:00:00,206,235,210,11,205,9,209,31999
10/03/2026 10:00:00,207,61002,208,60501,201,89001,202,68
10/03/2026 11:00:00,202,68,203,54,199,89,202,89
10/03/2026 12:00:00,202,87001,204,425,201,74,202,98
10/03/2026 13:00:00,202,98,203,39001,201,37999,202,76501
10/03/2026 14:00:00,202,765,203,57501,201,31,201,55
10/03/2026 15:00:00,201,55,201,73999,199,735,201,34001
10/03/2026 16:00:00,201,34,202,18,200,93,201,68
11/03/2026 10:00:00,203,45,206,68001,202,41,203,14749
11/03/2026 11:00:00,203,14749,204,615,201,01999,202,08002
11/03/2026 12:00:00,202,08,202,28001,197,6601,199,70999
11/03/2026 13:00:00,199,70999,201,295,199,53,201,25
11/03/2026 14:00:00,201,25,202,03499,200,50009,200,83
11/03/2026 15:00:00,200,83,201,66,200,42,201,64
11/03/2026 16:00:00,201,64,201,64,200,67,201,36
12/03/2026 10:00:00,201,09999,205,200,202,265
12/03/2026 11:00:00,202,26501,203,8499,200,68501,203,29
12/03/2026 12:00:00,203,29,203,69,197,99,198,13
12/03/2026 13:00:00,198,13,198,57,195,95999,196,56
12/03/2026 14:00:00,196,56,197,31,195,70999,196,61499
12/03/2026 15:00:00,196,615,196,97002,195,58,195,94499
12/03/2026 16:00:00,195,945,196,83,195,48,196,02
13/03/2026 10:00:00,197,34,200,40999,195,07469,198,89499
13/03/2026 11:00:00,199,12,199,85,196,78,196,78
13/03/2026 12:00:00,196,78,198,4384,195,7,197,72
13/03/2026 13:00:00,197,72,198,23,196,71,197,15
13/03/2026 14:00:00,197,19,197,35,195,58,196
13/03/2026 15:00:00,196,196,97,195,96,196,27
13/03/2026 16:00:00,196,27,196,91,195,8,196,55
16/03/2026 10:00:00,196,65,199,7,196,65,199,19
16/03/2026 11:00:00,199,19,199,63301,195,64,196,72
16/03/2026 12:00:00,196,72,197,16,195,95,196,98
16/03/2026 13:00:00,196,98,198,6499,196,95,198,33
16/03/2026 14:00:00,198,34999,199,63,198,275,199,11009
16/03/2026 15:00:00,199,11009,200,47002,198,97,199,545
16/03/2026 16:00:00,199,54501,199,68001,198,25,199,31
17/03/2026 10:00:00,200,25,204,94,199,81001,204,5101
17/03/2026 11:00:00,204,5101,204,5101,200,95502,201,38
17/03/2026 12:00:00,201,38,201,55,199,35,199,73
17/03/2026 13:00:00,199,73001,200,33002,198,92001,200,06001
17/03/2026 14:00:00,200,06001,200,725,199,12999,199,31001
17/03/2026 15:00:00,199,31,199,8199,198,53,199,455
17/03/2026 16:00:00,199,455,199,8291,198,07,198,7125
18/03/2026 10:00:00,198,19,199,8,197,45999,198,98502
18/03/2026 11:00:00,198,98502,199,26001,194,87,194,87
18/03/2026 12:00:00,194,87,197,51501,194,59,196,95
18/03/2026 13:00:00,196,95,197,58,196,22002,196,95
18/03/2026 14:00:00,196,95,197,09001,196,0025,196,5336
18/03/2026 15:00:00,196,5336,196,6764,194,55,194,87999
18/03/2026 16:00:00,194,88,195,955,194,26,194,87999
19/03/2026 10:00:00,193,48999,204,20001,187,198,585
19/03/2026 11:00:00,198,585,204,95,197,90999,204,81999
19/03/2026 12:00:00,204,82,207,98001,204,15999,207,188
19/03/2026 13:00:00,207,188,207,40001,202,43,203,25499
19/03/2026 14:00:00,203,25499,204,51,202,1801,203,44
19/03/2026 15:00:00,203,43999,204,59999,202,35999,203,59999
19/03/2026 16:00:00,203,6,205,65,202,49,203,4
20/03/2026 10:00:00,203,98001,207,41989,200,58,202,565
20/03/2026 11:00:00,202,565,205,22,199,93,200,33
20/03/2026 12:00:00,200,33,202,12,199,33,201,53
20/03/2026 13:00:00,201,53,203,065,200,73,201,39
20/03/2026 14:00:00,201,39,202,17,200,06999,200,715
20/03/2026 15:00:00,200,715,201,04999,198,48999,198,875
20/03/2026 16:00:00,198,875,202,84,198,875,200,06
23/03/2026 10:00:00,203,63,204,45,199,51,201,33
23/03/2026 11:00:00,201,33,203,68,200,3,201,98
23/03/2026 12:00:00,201,98001,202,90001,198,7224,199,01
23/03/2026 13:00:00,199,01,200,71,199,01,199,64
23/03/2026 14:00:00,199,64,201,93,199,64,201,65
23/03/2026 15:00:00,201,65,201,90999,201,1821,201,64
23/03/2026 16:00:00,201,64,202,3,199,89,200,05
24/03/2026 10:00:00,197,57,198,48,190,65,191,85
24/03/2026 11:00:00,191,85,194,05,191,58,193,96
24/03/2026 12:00:00,193,96,194,83,193,40001,193,63
24/03/2026 13:00:00,193,62999,194,77,193,47,194,32
24/03/2026 14:00:00,194,31999,194,42,192,81,193,445
24/03/2026 15:00:00,193,445,193,94,192,45,193,81999
24/03/2026 16:00:00,193,76,194,17,192,82,193,52
25/03/2026 10:00:00,195,86,197,24,191,45999,191,65489
25/03/2026 11:00:00,191,65489,192,70001,190,25002,192,05501
25/03/2026 12:00:00,192,05501,192,835,188,67001,191,68
25/03/2026 13:00:00,191,68,192,93,191,44,192,26
25/03/2026 14:00:00,192,26,193,29999,192,09999,192,98999
25/03/2026 15:00:00,192,98999,193,51999,191,99998,192,51
25/03/2026 16:00:00,192,58,192,84,191,11,192,2
26/03/2026 10:00:00,191,47,197,6,190,96,197,07
26/03/2026 11:00:00,196,98999,197,41,195,54,197,01001
26/03/2026 12:00:00,197,01,197,14001,194,74652,194,8001
26/03/2026 13:00:00,194,8001,195,64001,194,45999,195,34
26/03/2026 14:00:00,195,34,196,07901,194,8999,195,2804
26/03/2026 15:00:00,195,2804,196,34001,195,17,196,34001
26/03/2026 16:00:00,196,33,196,49,195,52,196,43
27/03/2026 10:00:00,195,195,54,191,0062,192,37999
27/03/2026 11:00:00,192,37997,193,25998,190,26997,193,25998
27/03/2026 12:00:00,193,25998,194,87997,192,45998,192,92998
27/03/2026 13:00:00,192,93,193,98,192,34,192,96999
27/03/2026 14:00:00,193,01001,193,77,192,71269,193,12
27/03/2026 15:00:00,193,12,193,65999,192,3,193,14499
27/03/2026 16:00:00,193,14499,193,38,192,192,51001
30/03/2026 10:00:00,195,197,53,194,48,195,81
30/03/2026 11:00:00,195,81,197,14,194,21,197
30/03/2026 12:00:00,197,00002,198,5676,196,483,197,84999
30/03/2026 13:00:00,197,84999,198,34999,196,833,197,47499
30/03/2026 14:00:00,197,47499,197,65,196,25119,196,885
30/03/2026 15:00:00,196,885,197,26,196,196,695
30/03/2026 16:00:00,196,69499,197,62999,195,93,197,58
31/03/2026 10:00:00,200,201,50002,196,565,198,43501
31/03/2026 11:00:00,198,43501,198,99,195,93,196,99501
31/03/2026 12:00:00,196,99501,198,31999,196,95,197,37001
31/03/2026 13:00:00,197,37,200,42001,197,0616,198,3199
31/03/2026 14:00:00,198,3199,198,54001,197,14,197,76999
31/03/2026 15:00:00,197,76999,198,45001,197,39,197,65501
31/03/2026 16:00:00,197,65501,198,28,196,73,198,18
01/04/2026 10:00:00,196,82,198,09,192,193,99
01/04/2026 11:00:00,193,99,197,54,193,95,197,34
01/04/2026 12:00:00,197,34,198,5,196,54,198,12999
01/04/2026 13:00:00,198,13,198,19,196,562,196,87
01/04/2026 14:00:00,196,87,197,09,196,26,196,48999
01/04/2026 15:00:00,196,49,197,229,195,90999,196,51
01/04/2026 16:00:00,196,51,197,08,196,03,196,92
02/04/2026 10:00:00,197,62,198,6088,195,7,196,45
02/04/2026 11:00:00,196,45,201,14001,195,29,198,34502
02/04/2026 12:00:00,198,345,199,37999,197,935,199,15501
02/04/2026 13:00:00,199,15501,199,29001,198,295,198,72
02/04/2026 14:00:00,198,72,199,91,198,55,199,25
02/04/2026 15:00:00,199,25,200,31,198,94,200,14
02/04/2026 16:00:00,200,14,201,33,199,59,201,25
06/04/2026 10:00:00,201,16,201,71501,195,34201,198,36
06/04/2026 11:00:00,198,31,199,67001,197,6,198,12
06/04/2026 12:00:00,198,12,199,18,197,77,199,04501
06/04/2026 13:00:00,199,04501,199,47899,198,81999,199,315
06/04/2026 14:00:00,199,315,199,315,197,9,198,625
06/04/2026 15:00:00,198,625,199,11002,198,39,199,11002
06/04/2026 16:00:00,199,11,199,47,198,49,198,91
07/04/2026 10:00:00,198,98,200,27,196,507,199,05
07/04/2026 11:00:00,199,05,199,3,197,375,197,885
07/04/2026 12:00:00,197,885,198,51,197,19499,197,57
07/04/2026 13:00:00,197,56999,199,0325,197,4301,198,59
07/04/2026 14:00:00,198,59,198,7,197,6212,198,1599
07/04/2026 15:00:00,198,1599,198,1599,196,76999,196,96
07/04/2026 16:00:00,196,96,198,18001,196,83,197,32
08/04/2026 10:00:00,200,94,202,15999,196,08,197,94
08/04/2026 11:00:00,198,11002,198,90501,197,06999,197,90501
08/04/2026 12:00:00,197,905,198,00002,196,215,197,09
08/04/2026 13:00:00,197,09,197,4999,195,68,196,06
08/04/2026 14:00:00,196,06,196,20001,193,92,194,835
08/04/2026 15:00:00,194,835,195,15999,193,54001,193,7701
08/04/2026 16:00:00,193,7701,194,75,193,53,193,87999
09/04/2026 10:00:00,189,23001,190,74501,182,3758,184,62
09/04/2026 11:00:00,184,62,185,45,183,37999,183,87
09/04/2026 12:00:00,183,87,184,70659,182,65999,184,03
09/04/2026 13:00:00,184,02998,185,62999,183,90999,184,66998
09/04/2026 14:00:00,184,67,184,9399,184,0501,184,37999
09/04/2026 15:00:00,184,37999,184,6299,183,56,184,01
09/04/2026 16:00:00,184,01,186,08,183,75,186
10/04/2026 10:00:00,185,83,185,98001,181,24501,182,15001
10/04/2026 11:00:00,182,15,182,98001,179,752,180,67
10/04/2026 12:00:00,180,67,180,8,177,74,177,8701
10/04/2026 13:00:00,177,8701,179,1499,177,69,178,23999
10/04/2026 14:00:00,178,24,179,09001,177,5,178,94
10/04/2026 15:00:00,178,94,179,264,178,37001,178,71
10/04/2026 16:00:00,178,71,179,5,178,1,179,46
13/04/2026 10:00:00,181,04,185,25002,180,37,184,54501
13/04/2026 11:00:00,184,40001,185,865,183,48999,185,14
13/04/2026 12:00:00,185,14,186,89001,185,01001,186,535
13/04/2026 13:00:00,186,535,189,79001,186,33,189,25
13/04/2026 14:00:00,189,25,190,50002,189,22,190,065
13/04/2026 15:00:00,190,065,191,19989,190,065,190,73999
13/04/2026 16:00:00,190,73999,192,04,189,78499,191,93
14/04/2026 10:00:00,192,72,194,3,190,11,190,70001
14/04/2026 11:00:00,190,7,192,48,189,79889,191,095
14/04/2026 12:00:00,191,06999,191,29999,190,56,190,56999
14/04/2026 13:00:00,190,56999,190,635,190,11,190,295
14/04/2026 14:00:00,190,295,191,16699,190,295,190,64
14/04/2026 15:00:00,190,63998,190,77998,189,50998,190,16998
14/04/2026 16:00:00,190,17,190,55501,189,72,190,37999
15/04/2026 10:00:00,193,01,196,45,191,51001,193,48901
15/04/2026 11:00:00,193,48901,193,73001,191,7,192,65001
15/04/2026 12:00:00,192,65,194,55,192,65,192,94
15/04/2026 13:00:00,192,94,195,35,192,81,195,06
15/04/2026 14:00:00,195,06,195,53001,194,51999,194,73
15/04/2026 15:00:00,194,73,195,4999,194,53,195,365
15/04/2026 16:00:00,195,365,195,365,193,52,194
16/04/2026 10:00:00,196,24,196,69,192,32,192,59
16/04/2026 11:00:00,192,59,193,23999,191,29,192,87
16/04/2026 12:00:00,192,87001,193,815,192,193,785
16/04/2026 13:00:00,193,785,194,23502,193,45,194,05989
16/04/2026 14:00:00,194,05989,194,51001,193,84999,194,155
16/04/2026 15:00:00,194,155,194,56151,193,77501,194,48001
16/04/2026 16:00:00,194,48,194,72,193,73,194,1
17/04/2026 10:00:00,197,2,198,17001,195,81001,197,98001
17/04/2026 11:00:00,197,98,199,65001,197,085,199,315
17/04/2026 12:00:00,199,315,199,62,196,84,197,69
17/04/2026 13:00:00,197,56001,198,115,196,80501,197,575
17/04/2026 14:00:00,197,57501,197,66,196,50002,196,945
17/04/2026 15:00:00,196,945,197,08,196,2124,196,58
17/04/2026 16:00:00,196,58,197,87,196,35,197,67
20/04/2026 10:00:00,197,23,199,58,196,3,198,72
20/04/2026 11:00:00,198,72002,198,91,196,87001,197,08
20/04/2026 12:00:00,197,08,197,55101,196,4,197,04155
20/04/2026 13:00:00,197,04155,197,12001,196,23999,196,83
20/04/2026 14:00:00,196,83,197,23,194,91,195,1
20/04/2026 15:00:00,195,1,195,365,193,98,194,28
20/04/2026 16:00:00,194,28,195,23,194,09,195,07
21/04/2026 10:00:00,195,15,197,80501,194,59001,197,70001
21/04/2026 11:00:00,197,70001,199,53,196,67,196,675
21/04/2026 12:00:00,196,67499,197,58989,196,22,197,56
21/04/2026 13:00:00,197,56,197,84999,197,197,18
21/04/2026 14:00:00,197,18,197,40501,196,03,196,91
21/04/2026 15:00:00,196,91,197,14,195,16,196,26
21/04/2026 16:00:00,196,26,196,33,193,77802,194,45999
22/04/2026 10:00:00,193,12999,194,05,190,12,193,455
22/04/2026 11:00:00,193,455,194,76,191,12001,191,57
22/04/2026 12:00:00,191,56999,191,68,190,22499,190,8
22/04/2026 13:00:00,190,8,191,04501,189,94,190,22
22/04/2026 14:00:00,190,22,190,3,188,24,188,57
22/04/2026 15:00:00,188,57,189,62,188,19,189,43
22/04/2026 16:00:00,189,43,190,22,188,95,190,06
23/04/2026 10:00:00,181,181,39,175,175,67
23/04/2026 11:00:00,175,67,177,12,175,41,175,81
23/04/2026 12:00:00,175,81,178,69,175,67,176,88
23/04/2026 13:00:00,176,88,177,61002,176,61,177,19
23/04/2026 14:00:00,177,19,177,19,174,87,176,1205
23/04/2026 15:00:00,176,1205,178,70001,176,01,178,56
23/04/2026 16:00:00,178,56,179,95,177,178,27
24/04/2026 10:00:00,178,74,179,95,175,64,176
24/04/2026 11:00:00,176,00002,176,63,175,49501,175,95001
24/04/2026 12:00:00,175,95,176,11002,174,97,175,59
24/04/2026 13:00:00,175,59,175,78001,174,62999,174,80501
24/04/2026 14:00:00,174,80501,175,53001,173,84001,175,51
24/04/2026 15:00:00,175,51,178,24,175,50499,177,99
24/04/2026 16:00:00,177,98999,178,99998,177,84,178,43
27/04/2026 10:00:00,178,181,94,178,178,34
27/04/2026 11:00:00,178,51501,180,46,178,26,180,45
27/04/2026 12:00:00,180,45,181,00839,179,51,179,75
27/04/2026 13:00:00,179,74998,180,26999,179,02998,179,98999
27/04/2026 14:00:00,179,98999,180,06,179,01999,179,07999
27/04/2026 15:00:00,179,08,179,55,178,83,179,09
27/04/2026 16:00:00,179,09,179,19,176,63,176,96
28/04/2026 10:00:00,178,59999,181,34001,177,565,178,56
28/04/2026 11:00:00,178,56001,180,05501,178,12,179,08
28/04/2026 12:00:00,179,08002,179,90002,178,94002,179,27002
28/04/2026 13:00:00,179,27,179,62001,179,07,179,51001
28/04/2026 14:00:00,179,51,179,62,178,78589,178,94
28/04/2026 15:00:00,178,94,179,03,177,03,177,76001
28/04/2026 16:00:00,177,76,177,98,176,99,177,77
29/04/2026 10:00:00,176,00002,177,72249,175,59999,175,65
29/04/2026 11:00:00,175,65,177,21,175,57,176,98
29/04/2026 12:00:00,176,97,177,93001,176,6501,177,78
29/04/2026 13:00:00,177,78001,178,09001,177,23,177,64
29/04/2026 14:00:00,177,64001,178,56001,177,06999,178,4045
29/04/2026 15:00:00,178,4045,179,99,177,94,179,725
29/04/2026 16:00:00,179,725,180,48001,178,44,180,35
30/04/2026 10:00:00,178,31999,178,98001,173,735,173,735
30/04/2026 11:00:00,173,735,178,23001,173,65,177,37001
30/04/2026 12:00:00,177,37,178,84,176,98999,178,45999
30/04/2026 13:00:00,178,46,178,61,176,93,176,95
30/04/2026 14:00:00,176,95001,177,41,176,36,176,86002
30/04/2026 15:00:00,176,86002,178,07,176,65999,177,335
30/04/2026 16:00:00,177,33499,178,99,177,11,178,705
01/05/2026 10:00:00,181,88,183,9,178,74,178,78
01/05/2026 11:00:00,178,78001,179,26,177,01001,177,97
01/05/2026 12:00:00,177,97,179,13,177,67001,178,835
01/05/2026 13:00:00,178,83499,179,58,178,76999,179,42
01/05/2026 14:00:00,179,42,179,84,179,29001,179,73
01/05/2026 15:00:00,179,73,180,1,179,56999,179,72049
01/05/2026 16:00:00,179,72049,180,03001,178,65,179,82
04/05/2026 10:00:00,180,181,83,179,5,180,6725
04/05/2026 11:00:00,180,6725,182,335,180,14,180,71
04/05/2026 12:00:00,180,70999,180,76999,178,9,179,23502
04/05/2026 13:00:00,179,235,179,95999,177,76,177,96
04/05/2026 14:00:00,177,95999,179,37999,177,86,178,465
04/05/2026 15:00:00,178,465,179,65001,178,26999,179,65001
04/05/2026 16:00:00,179,65,180,51,179,57,180,15
05/05/2026 10:00:00,179,65999,180,43,173,8,173,93501
05/05/2026 11:00:00,173,87001,176,76,173,56001,176,76
05/05/2026 12:00:00,176,76,177,68,175,72,176,0875
05/05/2026 13:00:00,176,0875,176,90501,175,62,175,69
05/05/2026 14:00:00,175,69,176,26,175,45001,175,80249
05/05/2026 15:00:00,175,80249,176,73502,175,80249,176,44
05/05/2026 16:00:00,176,44,179,24,176,39009,178,99
06/05/2026 10:00:00,179,496,179,496,173,51999,173,87502
06/05/2026 11:00:00,173,87502,177,62001,173,62001,176,8
06/05/2026 12:00:00,176,8,177,7675,176,176,56999
06/05/2026 13:00:00,176,57002,177,18002,175,92003,176,55002
06/05/2026 14:00:00,176,55002,176,93002,175,45001,175,85002
06/05/2026 15:00:00,175,84999,177,5425,175,6801,175,78001
06/05/2026 16:00:00,175,78001,176,92499,174,48999,174,58
07/05/2026 10:00:00,175,66,179,83,175,62999,177,505
07/05/2026 11:00:00,177,96,179,07,176,7,178,8
07/05/2026 12:00:00,178,8,180,17001,178,65,179,3575
07/05/2026 13:00:00,179,3575,179,755,178,1,178,625
07/05/2026 14:00:00,178,625,179,63,177,55,178,83499
07/05/2026 15:00:00,178,83499,180,595,178,55,180,44
07/05/2026 16:00:00,180,44,180,74,179,45,180,19
08/05/2026 10:00:00,178,03,178,09,172,51999,174,02802
08/05/2026 11:00:00,174,02802,177,65999,174,00002,177,055
08/05/2026 12:00:00,177,05,179,11,176,61499,178,75189
08/05/2026 13:00:00,178,75189,179,62502,178,19,179,26
08/05/2026 14:00:00,179,26,180,50002,178,94,180,4899
08/05/2026 15:00:00,180,4899,181,14001,179,15999,179,50499
08/05/2026 16:00:00,179,57,181,179,03,180,5
11/05/2026 10:00:00,179,42,181,29001,176,22,176,48999
11/05/2026 11:00:00,176,49,177,50002,176,085,176,535
11/05/2026 12:00:00,176,535,176,63,175,14,176,16
11/05/2026 13:00:00,176,16,176,17001,175,00009,175,065
11/05/2026 14:00:00,175,065,175,24,173,8,173,95
11/05/2026 15:00:00,173,95,174,17,172,67,172,77
11/05/2026 16:00:00,172,77,173,172,22,172,42
12/05/2026 10:00:00,174,175,171,89001,173,41501
12/05/2026 11:00:00,173,41501,173,69,172,34999,172,665
12/05/2026 12:00:00,172,665,173,48999,172,23,173,17001
12/05/2026 13:00:00,173,17,173,23,172,33,172,735
12/05/2026 14:00:00,172,735,173,12999,171,75,172,425
12/05/2026 15:00:00,172,425,172,72,171,88,172,39
12/05/2026 16:00:00,172,34,172,38,169,76,169,8
13/05/2026 10:00:00,167,52,168,15,161,61,162,63
13/05/2026 11:00:00,162,62999,163,6299,159,81999,160,36
13/05/2026 12:00:00,160,36,161,19989,157,20999,157,54501
13/05/2026 13:00:00,157,54501,159,157,3,157,55
13/05/2026 14:00:00,157,55,157,595,155,91,155,91
13/05/2026 15:00:00,155,91,158,28,155,815,157,71
13/05/2026 16:00:00,157,71,160,113,157,14,159,57
14/05/2026 10:00:00,162,165,13,160,5,162,79
14/05/2026 11:00:00,162,79001,165,72,162,53,165,25
14/05/2026 12:00:00,165,25002,165,89,164,81,165,55501
14/05/2026 13:00:00,165,55501,165,94,164,47,165,26
14/05/2026 14:00:00,165,26,166,07,163,41,163,64
14/05/2026 15:00:00,163,64,163,94,162,81999,163,63
14/05/2026 16:00:00,163,63,164,59,162,76,163,96
15/05/2026 10:00:00,167,47,169,59999,165,17001,166,79501
15/05/2026 11:00:00,166,79501,167,8,164,93399,166,43001
15/05/2026 12:00:00,166,43,167,67001,165,8,167,52501
15/05/2026 13:00:00,167,52501,168,37,166,8,167,33
15/05/2026 14:00:00,167,33,168,23001,166,85,167,06001
15/05/2026 15:00:00,167,06,167,47,166,5267,166,805
15/05/2026 16:00:00,166,805,169,166,805,168,83
18/05/2026 10:00:00,167,59,172,73001,165,87001,172,4525
18/05/2026 11:00:00,172,4525,175,2,172,18001,174,53001
18/05/2026 12:00:00,174,53,176,06,173,7,175,45
18/05/2026 13:00:00,175,45,176,00002,174,084,174,54
18/05/2026 14:00:00,174,565,176,39001,174,5,176,23001
18/05/2026 15:00:00,176,23001,177,09001,175,73502,175,87001
18/05/2026 16:00:00,175,87,177,54,175,67,177,53
19/05/2026 10:00:00,180,79,183,88501,179,183,35501
19/05/2026 11:00:00,183,35501,184,79301,181,5,181,70999
19/05/2026 12:00:00,181,70999,182,62999,179,39001,179,41501
19/05/2026 13:00:00,179,415,181,17929,178,178,12
19/05/2026 14:00:00,178,12,178,18,176,55,177,4
19/05/2026 15:00:00,177,37,177,73,176,17,176,62999
19/05/2026 16:00:00,176,63,176,89,176,25,176,75
20/05/2026 10:00:00,175,175,7404,170,28,175,01
20/05/2026 11:00:00,175,01,177,35991,174,885,177,165
20/05/2026 12:00:00,177,165,178,95001,176,9,178,72
20/05/2026 13:00:00,178,72,179,55989,178,23999,178,6825
20/05/2026 14:00:00,178,6825,180,37001,177,95999,179,825
20/05/2026 15:00:00,179,825,180,3199,179,19,179,29
20/05/2026 16:00:00,179,29,180,51,178,95,179,2
21/05/2026 10:00:00,176,81999,177,43501,173,12999,175,56999
21/05/2026 11:00:00,175,56999,177,56,175,01,177,29
21/05/2026 12:00:00,177,29,177,98001,176,11499,176,64832
21/05/2026 13:00:00,176,64832,177,00002,175,95999,176,58
21/05/2026 14:00:00,176,58,178,47,176,36499,178
21/05/2026 15:00:00,178,178,40001,177,15999,177,38501
21/05/2026 16:00:00,177,385,178,3,177,14001,177,85
22/05/2026 10:00:00,179,09,182,7,178,180,18
22/05/2026 11:00:00,180,18,181,25,177,31,177,35
22/05/2026 12:00:00,177,35,178,22,177,17,177,96
22/05/2026 13:00:00,178,03001,179,69,177,90999,179,54001
22/05/2026 14:00:00,179,54,180,16,179,16,179,33499
22/05/2026 15:00:00,179,335,180,02501,179,13,179,53499
22/05/2026 16:00:00,179,53499,180,09999,179,15999,179,3
26/05/2026 10:00:00,177,04,178,173,835,174,99501
26/05/2026 11:00:00,174,99501,176,7694,174,95009,176,19
26/05/2026 12:00:00,176,19,178,5,176,17,178,28001
26/05/2026 13:00:00,178,28,178,61002,177,91,178,005
26/05/2026 14:00:00,178,005,178,65001,177,90999,177,90999
26/05/2026 15:00:00,177,91,178,37999,177,65999,177,84
26/05/2026 16:00:00,177,84,178,23001,177,02,177,10501
27/05/2026 10:00:00,177,179,255,176,04,177,115
27/05/2026 11:00:00,177,115,179,61043,176,9,178,03
27/05/2026 12:00:00,178,03,178,415,176,22,177,76
27/05/2026 13:00:00,177,76,178,9,177,61,178,36
27/05/2026 14:00:00,178,36,178,58,177,17,177,51
27/05/2026 15:00:00,177,51001,177,66,176,72002,177,27
27/05/2026 16:00:00,177,23,177,67,176,31,176,41
28/05/2026 10:00:00,178,14,179,38,175,33,179,255
28/05/2026 11:00:00,179,255,179,84001,177,94,178,785
28/05/2026 12:00:00,178,785,178,85,177,8001,178,85
28/05/2026 13:00:00,178,84999,178,92001,178,43,178,64001
28/05/2026 14:00:00,178,64,179,00002,178,2171,178,555
28/05/2026 15:00:00,178,55501,178,70001,177,54,178,3781
28/05/2026 16:00:00,178,3781,178,87,177,87999,178,39
29/05/2026 10:00:00,178,35,179,00002,175,44,178,05
29/05/2026 11:00:00,178,05,181,3,177,87,180,615
29/05/2026 12:00:00,180,615,183,6,180,35,183,3
29/05/2026 13:00:00,183,3,185,71,183,09999,185,555
29/05/2026 14:00:00,185,555,187,76001,185,145,186,59
29/05/2026 15:00:00,186,59,187,90501,186,14,187,315
29/05/2026 16:00:00,187,315,188,23999,186,84999,187,09999
01/06/2026 10:00:00,193,44,195,188,99,192,41501
01/06/2026 11:00:00,192,41501,195,39001,192,40999,195,1575
01/06/2026 12:00:00,195,1575,198,194,7085,197,83
01/06/2026 13:00:00,197,83,197,86,196,42,196,52
01/06/2026 14:00:00,196,51999,197,22002,195,87999,196,79001
01/06/2026 15:00:00,196,79001,196,85501,195,855,196,7425
01/06/2026 16:00:00,196,7425,197,36,195,67,196,58
02/06/2026 10:00:00,190,69,191,9,185,76,186,61
02/06/2026 11:00:00,186,62001,189,531,185,09,185,47
02/06/2026 12:00:00,185,47,185,6299,183,40999,184,9
02/06/2026 13:00:00,184,9,185,50002,184,3301,184,55501
02/06/2026 14:00:00,184,555,185,01999,184,03001,184,7
02/06/2026 15:00:00,184,7,185,7,184,5,185,12
02/06/2026 16:00:00,185,12,186,54,184,98,186,17
03/06/2026 10:00:00,183,15999,183,99501,177,39,178,35501
03/06/2026 11:00:00,178,35501,179,115,176,37,177,01001
03/06/2026 12:00:00,177,01001,178,37001,176,7601,178,27
03/06/2026 13:00:00,178,26999,179,00002,178,15999,178,52989
03/06/2026 14:00:00,178,52989,179,95001,178,35501,179,31999
03/06/2026 15:00:00,179,31999,179,71,178,39,178,47
03/06/2026 16:00:00,178,47,179,205,177,40999,177,475
04/06/2026 10:00:00,183,68,185,180,42,182,7
04/06/2026 11:00:00,182,71,183,22401,179,43,179,85
04/06/2026 12:00:00,179,77501,180,36002,179,44,179,8
04/06/2026 13:00:00,179,8,180,425,179,3,179,39
04/06/2026 14:00:00,179,39,179,57,177,75002,178,4
04/06/2026 15:00:00,178,4,178,5799,177,8636,178,28499
04/06/2026 16:00:00,178,28499,178,9075,177,59,178,85
05/06/2026 10:00:00,181,84999,183,18001,178,41,180
05/06/2026 11:00:00,180,14001,180,195,178,178,21501
05/06/2026 12:00:00,178,215,178,93669,177,11,177,11
05/06/2026 13:00:00,177,11002,177,33,176,33,177,12
05/06/2026 14:00:00,177,12,178,98502,176,9,178,91269
05/06/2026 15:00:00,178,91269,179,02,177,75499,177,88
05/06/2026 16:00:00,177,87999,179,00002,177,738,178,31001
08/06/2026 10:00:00,176,11002,179,50002,175,51001,179,4225
08/06/2026 11:00:00,179,4225,180,18001,177,178,29
08/06/2026 12:00:00,178,29,178,815,176,55,176,79501
08/06/2026 13:00:00,176,795,176,97,176,33,176,665
08/06/2026 14:00:00,176,665,176,95,175,675,176,00002
08/06/2026 15:00:00,176,176,95999,175,95009,176,49
08/06/2026 16:00:00,176,48999,176,49,174,37,174,395
09/06/2026 10:00:00,173,45999,176,36002,171,9,175,915
09/06/2026 11:00:00,175,91501,176,06001,172,51,173,65
09/06/2026 12:00:00,173,65,173,74,170,88,170,99
09/06/2026 13:00:00,170,99,171,83,170,33,171,56
09/06/2026 14:00:00,171,56001,172,18,171,48,171,885
09/06/2026 15:00:00,171,88501,172,6,171,8,172,45999
09/06/2026 16:00:00,172,45999,173,62999,171,84,173,43999
10/06/2026 10:00:00,170,47,173,53,167,85,173,01
10/06/2026 11:00:00,173,01001,173,195,169,45001,171,01999
10/06/2026 12:00:00,171,01999,172,085,170,59999,171,7
10/06/2026 13:00:00,171,70001,172,27,171,171,49
10/06/2026 14:00:00,171,49,171,75002,170,51,170,63501
10/06/2026 15:00:00,170,63501,171,04901,169,95,170,175
10/06/2026 16:00:00,170,175,171,38,169,68,170,53
11/06/2026 10:00:00,167,1,170,11,166,49,169,85
11/06/2026 11:00:00,169,84999,170,835,164,26999,164,33
11/06/2026 12:00:00,164,33,166,98,163,58,166,4099
11/06/2026 13:00:00,166,4099,168,27,165,95,167,65
11/06/2026 14:00:00,167,65,169,945,167,37,169,8001
11/06/2026 15:00:00,169,8001,170,74501,168,66,168,66
11/06/2026 16:00:00,168,66,169,11609,167,44,167,54
12/06/2026 10:00:00,168,8,169,64001,164,65001,168,29501
12/06/2026 11:00:00,168,29501,170,82,167,9,170,77
12/06/2026 12:00:00,170,755,171,7699,170,36,170,62999
12/06/2026 13:00:00,170,62999,171,59999,170,16,171,21579
12/06/2026 14:00:00,171,21579,171,5,170,525,170,53
12/06/2026 15:00:00,170,53,171,25,170,18,170,18
12/06/2026 16:00:00,170,18001,171,04001,169,79001,170,22
15/06/2026 10:00:00,167,14,172,59,166,37,170,69
15/06/2026 11:00:00,170,62001,171,00002,168,52,169,96
15/06/2026 12:00:00,169,95999,170,79001,169,12001,170,3205
15/06/2026 13:00:00,170,3205,170,54001,167,8501,167,9
15/06/2026 14:00:00,167,9,168,96501,167,9,168,175
15/06/2026 15:00:00,168,175,168,19499,165,44101,165,615
15/06/2026 16:00:00,165,615,166,42,165,05,165,425
16/06/2026 10:00:00,165,05,169,7939,165,03,169,04
16/06/2026 11:00:00,169,04,169,36989,166,61,167,76
16/06/2026 12:00:00,167,76,168,62,167,46,168,41
16/06/2026 13:00:00,168,41,168,5,165,53,165,76999
16/06/2026 14:00:00,165,76999,166,495,165,62,165,875
16/06/2026 15:00:00,165,875,166,66,165,69499,166,61
16/06/2026 16:00:00,166,61,166,91,165,56,165,66
17/06/2026 10:00:00,164,9,166,87001,162,28,165,91
17/06/2026 11:00:00,165,91,166,20001,163,87,164,195
17/06/2026 12:00:00,164,19499,164,77,163,7,163,70001
17/06/2026 13:00:00,163,70001,163,755,162,06999,162,08499
17/06/2026 14:00:00,162,08499,162,28001,159,29001,159,68001
17/06/2026 15:00:00,159,68001,160,6299,158,475,158,68
17/06/2026 16:00:00,158,68,158,96,155,91,156,12
18/06/2026 10:00:00,126,5,134,43,126,5,129,86499
18/06/2026 11:00:00,129,86499,134,70001,129,01,131,9
18/06/2026 12:00:00,131,9,132,41,128,67,128,67
18/06/2026 13:00:00,128,67,129,8,128,128,13
18/06/2026 14:00:00,128,12999,129,18001,127,01001,127,18
18/06/2026 15:00:00,127,18,128,13,126,625,127,63501
18/06/2026 16:00:00,127,63501,132,4,125,6,128,29
22/06/2026 10:00:00,125,01,125,84,123,12,125,18
22/06/2026 11:00:00,125,18001,125,68999,122,14999,122,2896
22/06/2026 12:00:00,122,2896,122,778,120,23501,121,7897
22/06/2026 13:00:00,121,7897,122,32001,120,85,121,04001
22/06/2026 14:00:00,121,05,121,55,119,99,120,16
22/06/2026 15:00:00,120,16,120,60001,118,515,118,63499
22/06/2026 16:00:00,118,63499,124,89001,118,14999,124,75001
23/06/2026 10:00:00,125,5,127,1,124,42,126,9
23/06/2026 11:00:00,126,94501,127,43501,125,23,126,13
23/06/2026 12:00:00,126,13,127,83,124,68001,126,10001
23/06/2026 13:00:00,126,12501,127,126,04,126,54001
23/06/2026 14:00:00,126,54,126,8838,125,6,125,755
23/06/2026 15:00:00,125,755,126,87,125,34,126,52
23/06/2026 16:00:00,126,52,127,47001,125,89349,126,75
24/06/2026 10:00:00,126,73,129,15,125,8,128,42
24/06/2026 11:00:00,128,4475,128,6675,126,8,127,56194
24/06/2026 12:00:00,127,57999,128,76,127,49,128,005
24/06/2026 13:00:00,128,00499,129,44,127,74,129,37
24/06/2026 14:00:00,129,37,130,20001,129,26001,130,145
24/06/2026 15:00:00,130,145,131,15001,129,88,131,02501
24/06/2026 16:00:00,131,025,131,88,128,98,129,14
25/06/2026 10:00:00,128,34999,129,32,125,89999,128,255
25/06/2026 11:00:00,128,255,129,8,127,5,127,7
25/06/2026 12:00:00,127,7,128,95999,127,00001,128,80501
25/06/2026 13:00:00,128,80501,128,86,127,127,65501
25/06/2026 14:00:00,127,655,127,93,126,126,45501
25/06/2026 15:00:00,126,45501,127,07001,126,1806,126,40001
25/06/2026 16:00:00,126,41,126,87401,125,68001,125,83501
26/06/2026 10:00:00,125,8,129,2499,125,71001,126,88
26/06/2026 11:00:00,126,88,128,14,126,18999,127,46
26/06/2026 12:00:00,127,46,127,825,126,2,126,96999
26/06/2026 13:00:00,126,96999,128,31999,126,8,127,6225
26/06/2026 14:00:00,127,6225,127,8799,126,82999,127,64249
26/06/2026 15:00:00,127,64249,128,86,127,6,128,06999
26/06/2026 16:00:00,128,07,129,13,127,79,128,95
29/06/2026 10:00:00,130,93,132,37999,128,25,128,82501
29/06/2026 11:00:00,128,82501,129,23999,127,5,127,615
29/06/2026 12:00:00,127,615,127,85999,125,59,125,65001
29/06/2026 13:00:00,125,65001,125,99989,124,84,124,94501
29/06/2026 14:00:00,124,94501,125,77,124,86,125,22001
29/06/2026 15:00:00,125,22,125,58,124,83,125,13
29/06/2026 16:00:00,125,13,125,51,124,44,124,73
30/06/2026 10:00:00,123,26,124,31001,122,9,123,32
30/06/2026 11:00:00,123,32,124,7399,123,06,123,37
30/06/2026 12:00:00,123,37,124,0406,121,78,123,7
30/06/2026 13:00:00,123,7,123,96,123,16,123,16
30/06/2026 14:00:00,123,16,124,04,122,73,124
30/06/2026 15:00:00,124,124,74,123,76,124,71
30/06/2026 16:00:00,124,71,125,47501,124,22501,124,41
01/07/2026 10:00:00,126,2,128,92,126,05,127,32
01/07/2026 11:00:00,127,32,130,16,127,32,130
01/07/2026 12:00:00,130,131,76001,129,9,131,695
01/07/2026 13:00:00,131,69499,133,78,131,69499,133,14499
01/07/2026 14:00:00,133,145,133,78,132,76001,133,22
01/07/2026 15:00:00,133,22,133,81001,131,42,131,6199
01/07/2026 16:00:00,131,6199,131,72,130,53,131,09
02/07/2026 10:00:00,133,14,135,86,132,94,134,97
02/07/2026 11:00:00,134,87,136,7,134,45,136,35
02/07/2026 12:00:00,136,35,137,09,135,57,137,09
02/07/2026 13:00:00,137,09,137,74,136,84,137,375
02/07/2026 14:00:00,137,375,138,19,136,95001,137,7175
02/07/2026 15:00:00,137,7175,138,55,137,56,137,84001
02/07/2026 16:00:00,137,84,138,9,137,07,137,34
06/07/2026 10:00:00,135,79001,136,90001,133,5,135,55
06/07/2026 11:00:00,135,585,136,26001,134,93001,136,185
06/07/2026 12:00:00,136,185,137,8,136,14,137,29
06/07/2026 13:00:00,137,29001,137,945,137,17,137,76
06/07/2026 14:00:00,137,76,138,11,136,8396,137,06
06/07/2026 15:00:00,137,06,137,59999,136,97,137,23
06/07/2026 16:00:00,137,23,137,43501,136,15,136,93
07/07/2026 10:00:00,140,4,142,79,140,39,141,255
07/07/2026 11:00:00,141,255,143,141,07501,142,33
07/07/2026 12:00:00,142,33,143,67,141,71501,143,28001
07/07/2026 13:00:00,143,28,143,67,142,745,143,33
07/07/2026 14:00:00,143,33,143,97,142,7701,143,335
07/07/2026 15:00:00,143,33499,143,79001,142,97,143,21
07/07/2026 16:00:00,143,21,143,455,141,95,142,08
08/07/2026 10:00:00,139,75,141,62999,138,33,140,22
08/07/2026 11:00:00,140,22,141,01001,139,5,139,655
08/07/2026 12:00:00,139,65501,140,3899,139,51,139,72
08/07/2026 13:00:00,139,72,139,80989,138,89,138,97
08/07/2026 14:00:00,138,97,139,04001,138,34,138,49
08/07/2026 15:00:00,138,49,138,845,137,66,137,72
08/07/2026 16:00:00,137,72,138,57,137,16,137,18
09/07/2026 10:00:00,130,44,136,14,129,5,135,99
09/07/2026 11:00:00,135,99,137,24,135,74,137,21
09/07/2026 12:00:00,137,21,138,47,137,09001,137,99
09/07/2026 13:00:00,137,99,138,25,137,83,138,14
09/07/2026 14:00:00,138,1201,138,52501,137,94,138,24
09/07/2026 15:00:00,138,24,138,82,138,0948,138,315
09/07/2026 16:00:00,138,315,139,12999,138,22,139,05
10/07/2026 10:00:00,141,37,142,45,139,49,139,8
10/07/2026 11:00:00,139,8,139,93,137,29,138,71
10/07/2026 12:00:00,138,71,138,85,136,52,137,11
10/07/2026 13:00:00,137,11,137,11,136,35501,136,59001
10/07/2026 14:00:00,136,59001,136,81001,135,53,135,695
10/07/2026 15:00:00,135,695,136,134,84999,134,97
10/07/2026 16:00:00,134,97,135,8,134,875,135,22
13/07/2026 10:00:00,140,31,141,73999,136,50009,136,68
13/07/2026 11:00:00,136,73,139,6,136,1,139,34
13/07/2026 12:00:00,139,34,140,13501,139,15001,139,18
13/07/2026 13:00:00,139,18,139,829,139,11,139,37001
13/07/2026 14:00:00,139,36998,139,65997,138,89998,138,95998
13/07/2026 15:00:00,138,95999,139,04999,138,24998,138,57999
13/07/2026 16:00:00,138,58,138,75,137,86,138,51
14/07/2026 10:00:00,130,54001,135,73999,129,96,135,48999
14/07/2026 11:00:00,135,48999,135,99,133,52,134,55501
14/07/2026 12:00:00,134,56,136,43,134,22,136,13
14/07/2026 13:00:00,136,12999,137,06999,135,87999,136,86
14/07/2026 14:00:00,136,86,137,75,135,86,135,945
14/07/2026 15:00:00,135,94499,136,31,134,87999,134,87999
14/07/2026 16:00:00,134,88,135,09,134,13,134,59
15/07/2026 10:00:00,137,01,138,51001,135,93001,137,485
15/07/2026 11:00:00,137,485,139,54,136,345,138,75
15/07/2026 12:00:00,138,75002,139,39001,138,02002,138,14001
15/07/2026 13:00:00,138,14001,138,80002,137,71002,138,66002
15/07/2026 14:00:00,138,66,138,72,137,26,137,62001
15/07/2026 15:00:00,137,62001,137,8,136,87999,137,02501
15/07/2026 16:00:00,137,02501,137,74,136,51,137,04
16/07/2026 10:00:00,138,93,139,93501,137,35,137,58
16/07/2026 11:00:00,137,58,138,56999,135,5,138,235
16/07/2026 12:00:00,138,235,140,87,138,18001,140,17
16/07/2026 13:00:00,140,17,143,90001,140,0703,143,135
16/07/2026 14:00:00,143,135,143,64,142,632,143,315
16/07/2026 15:00:00,143,315,144,26201,143,23,143,9
16/07/2026 16:00:00,143,87,145,52,143,28,144,61
17/07/2026 10:00:00,145,04,147,42001,144,20001,144,595
17/07/2026 11:00:00,144,595,144,70999,139,91,140,12
17/07/2026 12:00:00,140,12,141,91,139,72,141,61
17/07/2026 13:00:00,141,61,142,56,141,27,142,47
17/07/2026 14:00:00,142,47,143,52,142,31,143,46
17/07/2026 15:00:00,143,45999,144,52,143,45999,143,7119
17/07/2026 16:00:00,143,7119,143,77,142,84,143,52
20/07/2026 10:00:00,142,84,142,85,140,140,97
20/07/2026 11:00:00,140,97,142,140,22519,140,81999
20/07/2026 12:00:00,140,81999,143,4599,140,79,142,635
20/07/2026 13:00:00,142,635,145,21501,142,62999,144,08
20/07/2026 14:00:00,144,08,145,12,144,01,144,91
20/07/2026 15:00:00,144,91,145,59,144,28,144,28
20/07/2026 16:00:00,144,28001,144,889,143,98001,144,69
21/07/2026 10:00:00,141,33,144,42,141,02,143,51
21/07/2026 11:00:00,143,51,144,05,142,26,143,41
21/07/2026 12:00:00,143,41,143,41,141,39,141,88
21/07/2026 13:00:00,141,87999,141,92001,140,38101,140,44
21/07/2026 14:00:00,140,43999,140,87999,140,30998,140,79
21/07/2026 15:00:00,140,79,141,2,140,54999,140,71999
21/07/2026 16:00:00,140,72,141,57,140,62,140,87
22/07/2026 10:00:00,143,20001,143,49,140,81999,141,315
22/07/2026 11:00:00,141,315,142,07901,139,72,140,12999
22/07/2026 12:00:00,140,23001,140,48999,139,75009,140,19
22/07/2026 13:00:00,140,19,140,55,140,04501,140,5
22/07/2026 14:00:00,140,5,140,53,139,011,139,011
22/07/2026 15:00:00,139,011,140,26001,138,9,140,175
22/07/2026 16:00:00,140,175,140,785,139,06,140,06999
23/07/2026 10:00:00,139,139,29501,135,95999,138,06999
23/07/2026 11:00:00,138,07,138,3,136,19,136,83
23/07/2026 12:00:00,136,83,138,39949,136,61,137,945
23/07/2026 13:00:00,137,945,138,84001,137,825,138,64
23/07/2026 14:00:00,138,64,138,77,138,04001,138,5105
23/07/2026 15:00:00,138,5105,138,70999,138,01,138,39
23/07/2026 16:00:00,138,39,139,14,137,585,138,74501
24/07/2026 10:00:00,142,84001,144,05,140,71019,143,70999
24/07/2026 11:00:00,143,71,145,51,143,58,145,21
24/07/2026 12:00:00,145,20999,147,20999,145,015,145,12999
24/07/2026 13:00:00,145,12999,145,73999,145,05,145,23999
24/07/2026 14:00:00,145,23999,145,94,145,18,145,47499
24/07/2026 15:00:00,145,47499,146,81,145,00499,146,79399
24/07/2026 16:00:00,146,765,147,525,146,5,147,01
27/07/2026 10:00:00,150,48,152,6,149,58,151,61
27/07/2026 11:00:00,151,61,154,48001,151,48999,153,53
27/07/2026 12:00:00,153,52501,155,24,153,44,154,245
27/07/2026 13:00:00,154,205,155,47,154,19,155,43
27/07/2026 14:00:00,155,43,156,51,154,985,156,14499
27/07/2026 15:00:00,156,14499,156,84001,156,12,156,595
27/07/2026 16:00:00,156,595,156,595,154,06,154,06001
28/07/2026 10:00:00,157,8,163,83,156,95,163,645
28/07/2026 11:00:00,163,645,167,00002,163,59001,165,54
28/07/2026 12:00:00,165,602,167,75002,164,90999,165,05501
28/07/2026 13:00:00,165,05501,165,73001,164,76,165,59
28/07/2026 14:00:00,165,59,165,95999,165,12,165,84
28/07/2026 15:00:00,165,84,165,84001,164,20999,165,065
28/07/2026 16:00:00,165,0701,165,1099,162,19,164,67
29/07/2026 10:00:00,165,170,78001,163,85501,170,46
29/07/2026 11:00:00,170,46,172,94,170,17001,172,5801
29/07/2026 12:00:00,172,5801,176,40001,172,29001,175,87
29/07/2026 13:00:00,175,87,176,3,173,32,173,79
29/07/2026 14:00:00,173,79001,175,07,172,5701,174,12
29/07/2026 15:00:00,174,12,175,7,173,83492,174,04
29/07/2026 16:00:00,174,04,174,41,172,79,173,16
30/07/2026 10:00:00,165,15,166,73,162,47,163,23001
30/07/2026 11:00:00,163,24,163,40001,159,95999,161,815
30/07/2026 12:00:00,161,88,163,86,161,54001,162,60501
30/07/2026 13:00:00,162,60501,162,82301,161,05049,162,255
30/07/2026 14:00:00,162,29,165,25,162,29,164,535
30/07/2026 15:00:00,164,535,164,86,163,33,163,48999
30/07/2026 16:00:00,163,49,163,81001,162,14,163,29001
31/07/2026 10:00:00,160,82,164,64,159,2,164
31/07/2026 11:00:00,164,164,24,161,65,161,8
31/07/2026 12:00:00,161,8,164,07,161,3338,163,89499
31/07/2026 13:00:00,163,895,164,78,163,69,164,78
31/07/2026 14:00:00,164,78001,166,32,164,715,165,8199
31/07/2026 15:00:00,165,8199,166,52501,165,2,165,31001
31/07/2026 16:00:00,165,31001,166,94,165,215,165,93
03/08/2026 10:00:00,170,37,171,4726,168,29799,169,11
03/08/2026 11:00:00,169,11,169,37999,165,56,165,8599
03/08/2026 12:00:00,165,8599,166,40999,165,44,165,95999
03/08/2026 13:00:00,165,95999,166,73999,165,71999,166,43999
03/08/2026 14:00:00,166,44,167,18,166,355,166,45
03/08/2026 15:00:00,166,45,167,95,166,39499,167,84999
03/08/2026 16:00:00,167,85,168,35,165,65,165,72
04/08/2026 10:00:00,160,64,164,1,160,4,162,09
04/08/2026 11:00:00,162,09,164,7,161,83,163,41
04/08/2026 12:00:00,163,41,165,91501,163,27649,165,7
04/08/2026 13:00:00,165,7,166,1,165,01,165,88
04/08/2026 14:00:00,165,88,167,66,165,88,167,45
04/08/2026 15:00:00,167,45001,168,42001,167,28589,168,38
04/08/2026 16:00:00,168,38,171,3,168,38,170,45
05/08/2026 10:00:00,172,25,173,26999,169,56001,169,735
05/08/2026 11:00:00,169,735,171,09001,168,38501,168,68
05/08/2026 12:00:00,168,68,168,85,167,435,167,93001
05/08/2026 13:00:00,167,93001,169,45001,167,61499,169,395
05/08/2026 14:00:00,169,39499,170,815,169,03499,170,61
05/08/2026 15:00:00,170,61,171,0176,169,73999,169,86
05/08/2026 16:00:00,169,86,171,22,169,39,170,55
06/08/2026 10:00:00,160,03,166,12001,157,76,164,955
06/08/2026 11:00:00,164,955,167,71,164,53001,167,4624
06/08/2026 12:00:00,167,4624,169,15,167,42,169,11
06/08/2026 13:00:00,169,11,169,70001,168,84,169,285
06/08/2026 14:00:00,169,285,169,59999,168,01,169,35501
06/08/2026 15:00:00,169,355,170,27,169,355,169,66
06/08/2026 16:00:00,169,66,171,47,169,66,171,09
07/08/2026 10:00:00,171,72,173,39,170,57,171,21
07/08/2026 11:00:00,171,21,174,81,171,14009,173,81
07/08/2026 12:00:00,173,81,173,95999,172,5,172,615
07/08/2026 13:00:00,172,615,174,27,172,35,173,995
07/08/2026 14:00:00,173,995,175,20999,173,81,175,05
07/08/2026 15:00:00,175,05,175,20001,174,115,174,56
07/08/2026 16:00:00,174,56,176,33,174,56,175,7
10/08/2026 10:00:00,174,23001,177,445,172,55,177,07
10/08/2026 11:00:00,177,115,177,90001,175,89001,176,8922
10/08/2026 12:00:00,176,8922,177,95,176,34,177,87
10/08/2026 13:00:00,177,87001,179,11,177,60089,178,89
10/08/2026 14:00:00,178,89,179,58,178,675,179,31999
10/08/2026 15:00:00,179,31999,179,6632,177,795,178,18
10/08/2026 16:00:00,178,18,178,65,177,34,178,25
11/08/2026 10:00:00,176,83,179,62999,175,545,178,39
11/08/2026 11:00:00,178,15999,180,29999,176,24998,179,18999
11/08/2026 12:00:00,179,18999,179,71999,178,54,178,79999
11/08/2026 13:00:00,178,8,179,47989,178,3801,178,76
11/08/2026 14:00:00,178,76001,178,82,177,77,178,09001
11/08/2026 15:00:00,178,09,178,89,177,53,178,8
11/08/2026 16:00:00,178,8,180,03,178,71,179,84
12/08/2026 10:00:00,176,03,178,2,174,03499,174,565
12/08/2026 11:00:00,174,565,177,5,173,81999,177,09
12/08/2026 12:00:00,177,09001,177,78001,175,98999,177,425
12/08/2026 13:00:00,177,425,178,25,177,00002,177,95001
12/08/2026 14:00:00,177,95,178,20001,177,48001,177,5175
12/08/2026 15:00:00,177,5175,178,64,177,39001,178,285
12/08/2026 16:00:00,178,285,180,15001,178,17,180,12001
13/08/2026 10:00:00,181,68,183,74,180,86,183,15
13/08/2026 11:00:00,183,15,185,8,180,01,180,22
13/08/2026 12:00:00,180,22,180,43501,177,89,177,89
13/08/2026 13:00:00,177,89,179,177,00009,178,7
13/08/2026 14:00:00,178,7,179,34999,177,83,178,1258
13/08/2026 15:00:00,178,1258,179,09999,177,39569,178,87999
13/08/2026 16:00:00,178,88,181,22,178,42,178,5
14/08/2026 10:00:00,180,43,180,5,173,91,175,71501
14/08/2026 11:00:00,175,71501,177,33,175,41,176,41
14/08/2026 12:00:00,176,395,178,23001,176,20001,177,665
14/08/2026 13:00:00,177,66501,177,73001,176,176,5
14/08/2026 14:00:00,176,5,177,01001,176,0901,176,79
14/08/2026 15:00:00,176,79001,177,11002,176,29001,176,49
14/08/2026 16:00:00,176,49,177,13,175,96,176,91
17/08/2026 10:00:00,173,36,175,52,171,82,172,11
17/08/2026 11:00:00,172,11,173,62502,171,64,172,74
17/08/2026 12:00:00,172,74,173,12001,171,77,171,86
17/08/2026 13:00:00,171,86,172,835,171,79001,172,26001
17/08/2026 14:00:00,172,26,172,92001,170,72499,171,0979
17/08/2026 15:00:00,171,0979,171,43501,170,43001,170,6
17/08/2026 16:00:00,170,6,171,21,169,75,169,95
18/08/2026 10:00:00,172,86,173,73001,170,43001,172,37
18/08/2026 11:00:00,172,37001,174,34001,172,23999,173,43501
18/08/2026 12:00:00,173,43501,173,48001,172,18,172,98
18/08/2026 13:00:00,172,98,174,93,172,98,174,22
18/08/2026 14:00:00,174,22,176,925,174,11,176,38
18/08/2026 15:00:00,176,38,176,615,175,3131,175,50009
18/08/2026 16:00:00,175,62,176,13,172,79,172,97
19/08/2026 10:00:00,172,49,180,7251,172,34999,180,31
19/08/2026 11:00:00,180,31,185,69,178,184,98999
19/08/2026 12:00:00,184,98999,185,74501,183,955,185,34369
19/08/2026 13:00:00,185,34369,185,76999,183,82,184,025
19/08/2026 14:00:00,184,02501,184,19,183,18,183,81999
19/08/2026 15:00:00,183,81999,184,785,183,54901,184,43001
19/08/2026 16:00:00,184,43,184,87999,182,79,183,32999
20/08/2026 10:00:00,182,17001,185,4,181,2132,184,18
20/08/2026 11:00:00,184,34,184,75,182,7,184,56749
20/08/2026 12:00:00,184,56749,187,12,184,45999,186,61
20/08/2026 13:00:00,186,61,187,14,185,26,185,67
20/08/2026 14:00:00,185,67,185,67,184,45,184,83
20/08/2026 15:00:00,184,83,185,01,183,78,184,705
20/08/2026 16:00:00,184,705,184,705,181,17001,181,42001
21/08/2026 10:00:00,180,86002,183,01999,180,01999,181,67499
21/08/2026 11:00:00,181,675,188,45,181,62502,188,23
21/08/2026 12:00:00,188,23,188,44,186,06999,187,54001
21/08/2026 13:00:00,187,54,187,61002,185,405,186,50749
21/08/2026 14:00:00,186,50499,186,59001,184,235,184,31999
21/08/2026 15:00:00,184,31999,184,31999,183,26,183,71999
21/08/2026 16:00:00,183,72,185,39,183,15,185,26
24/08/2026 10:00:00,184,64,187,74,183,43001,186,37001
24/08/2026 11:00:00,186,37001,187,67001,186,04001,187,34502
24/08/2026 12:00:00,187,34502,187,62001,186,3,186,87999
24/08/2026 13:00:00,186,88,188,08,184,89001,185,2999
24/08/2026 14:00:00,185,2999,186,27501,184,94,185,92001
24/08/2026 15:00:00,185,92,186,26,185,37,185,99
24/08/2026 16:00:00,185,99,187,13,185,62,186,51
25/08/2026 10:00:00,183,78,186,28,182,33,184,14
25/08/2026 11:00:00,184,14,187,25,183,96,186,82
25/08/2026 12:00:00,186,91,187,52,186,14,187,07
25/08/2026 13:00:00,187,06999,187,26999,186,186,21
25/08/2026 14:00:00,186,20999,186,47002,185,54,186,165
25/08/2026 15:00:00,186,165,187,115,186,165,186,9325
25/08/2026 16:00:00,186,905,188,186,72499,186,98
26/08/2026 10:00:00,182,34999,185,8442,181,81,182,48999
26/08/2026 11:00:00,182,48999,183,37,180,79,181,5025
26/08/2026 12:00:00,181,5025,182,26,181,33,181,73
26/08/2026 13:00:00,181,73,182,67,181,19,182,17
26/08/2026 14:00:00,182,17,182,905,181,51,181,87999
26/08/2026 15:00:00,181,95001,182,09001,181,50002,181,90001
26/08/2026 16:00:00,181,93,182,71,181,16,181,38
27/08/2026 10:00:00,184,1,187,4,183,51,187,35
27/08/2026 11:00:00,187,35,189,25,186,91,189,12
27/08/2026 12:00:00,189,12,189,93,188,15,188,81
27/08/2026 13:00:00,188,81999,189,88,188,5575,189,55501
27/08/2026 14:00:00,189,555,189,8,188,4,188,435
27/08/2026 15:00:00,188,43501,188,80501,188,01999,188,07501
27/08/2026 16:00:00,188,07501,188,74,186,62,187,4
28/08/2026 10:00:00,189,34,191,83,189,0372,191,15
28/08/2026 11:00:00,191,15,191,9,189,83499,191,4
28/08/2026 12:00:00,191,4,191,42499,189,2305,189,565
28/08/2026 13:00:00,189,565,189,84,188,67,189,08
28/08/2026 14:00:00,189,08,189,79001,189,08,189,49
28/08/2026 15:00:00,189,49,190,18001,189,36,189,46
28/08/2026 16:00:00,189,45999,189,84001,189,0035,189,54001
31/08/2026 10:00:00,188,31999,190,00002,186,76,187,44
31/08/2026 11:00:00,187,44,190,74,187,12,190,675
31/08/2026 12:00:00,190,67499,190,675,189,43001,190,20999
31/08/2026 13:00:00,190,20999,190,81001,190,055,190,23999
31/08/2026 14:00:00,190,23999,190,95999,190,17679,190,9
31/08/2026 15:00:00,190,90501,191,20001,190,76999,191,02
31/08/2026 16:00:00,191,01999,191,46,189,73001,189,79901
01/09/2026 10:00:00,187,323,190,50002,187,02,187,84999
01/09/2026 11:00:00,187,84999,190,09999,187,24998,188,48
01/09/2026 12:00:00,188,48,188,59999,187,01999,188,17
01/09/2026 13:00:00,188,12,188,23999,186,98999,187,39
01/09/2026 14:00:00,187,39,188,50002,187,31999,188,25
01/09/2026 15:00:00,188,25,188,55,187,83,188,115
01/09/2026 16:00:00,188,115,188,55,187,64,188,1
02/09/2026 10:00:00,186,31,190,04501,185,44,189,34999
02/09/2026 11:00:00,189,35,189,65001,185,5501,186,72002
02/09/2026 12:00:00,186,72,187,03,185,8,186,63
02/09/2026 13:00:00,186,63,187,39,186,33,187,21
02/09/2026 14:00:00,187,21,187,56001,186,87001,187,45001
02/09/2026 15:00:00,187,45,188,31,187,24501,187,55
02/09/2026 16:00:00,187,55,188,23,187,46501,187,6135
03/09/2026 10:00:00,190,193,26,189,09,192,12
03/09/2026 11:00:00,192,1,193,17,190,26,190,97
03/09/2026 12:00:00,190,86,194,71,190,85,194,43
03/09/2026 13:00:00,194,45,195,255,194,23,194,88
03/09/2026 14:00:00,194,88,195,31999,194,22,194,945
03/09/2026 15:00:00,194,94499,195,00002,194,06999,194,24
03/09/2026 16:00:00,194,24,194,4,192,54,193,15
04/09/2026 10:00:00,192,192,17,187,92,188,95
04/09/2026 11:00:00,188,95,189,87001,187,67,187,745
04/09/2026 12:00:00,187,74501,189,23999,187,34999,188,59
04/09/2026 13:00:00,188,59,188,87,187,75029,187,95749
04/09/2026 14:00:00,187,95749,188,70001,187,53499,187,7206
04/09/2026 15:00:00,187,7206,187,95999,186,09999,187,31999
04/09/2026 16:00:00,187,32,187,49,186,02,186,7
08/09/2026 10:00:00,184,34999,184,34999,177,04,178,1201
08/09/2026 11:00:00,178,1201,179,95,178,1201,179,45999
08/09/2026 12:00:00,179,46,179,94,177,66,177,88
08/09/2026 13:00:00,177,88002,178,58002,177,33002,177,85002
08/09/2026 14:00:00,177,87502,178,53,177,45,178,00002
08/09/2026 15:00:00,178,00002,178,57889,177,69,178,17
08/09/2026 16:00:00,178,17,179,61,178,08,179,04
09/09/2026 10:00:00,178,61,180,96829,176,51999,176,81749
09/09/2026 11:00:00,176,81749,178,965,176,495,178,09999
09/09/2026 12:00:00,178,1,178,24,176,56,176,76
09/09/2026 13:00:00,176,76,177,47499,176,45999,177,20999
09/09/2026 14:00:00,177,3,177,3,176,45,177,12999
09/09/2026 15:00:00,177,12999,177,5,176,84999,177,155
09/09/2026 16:00:00,177,155,177,5376,175,59999,175,86
10/09/2026 10:00:00,177,62999,179,39,175,48889,178,78
10/09/2026 11:00:00,178,78,179,35,177,35,177,94
10/09/2026 12:00:00,177,94,178,79,177,14,177,98
10/09/2026 13:00:00,177,98,178,23,177,64499,178,095
10/09/2026 14:00:00,178,095,178,15,177,34,177,51
10/09/2026 15:00:00,177,51,177,76,176,65,177,355
10/09/2026 16:00:00,177,355,178,12999,177,3,177,94
11/09/2026 10:00:00,179,05,180,76,178,29,180,38
11/09/2026 11:00:00,180,38,180,45001,178,96,179,19
11/09/2026 12:00:00,179,19,180,45001,179,01,180,03
11/09/2026 13:00:00,180,03,180,5694,179,5,180,5694
11/09/2026 14:00:00,180,5694,181,52501,180,5694,181,14001
11/09/2026 15:00:00,181,14,182,5391,181,02,182,48999
11/09/2026 16:00:00,182,49,184,12,182,46,183,93
14/09/2026 10:00:00,190,54999,193,315,188,59009,188,98
14/09/2026 11:00:00,188,98,190,16,187,78,189,93
14/09/2026 12:00:00,189,93,192,6,189,91,192,43
14/09/2026 13:00:00,192,43,194,89769,192,20999,194,18
14/09/2026 14:00:00,194,18,194,42,193,193,04999
14/09/2026 15:00:00,193,05,193,87999,192,67,193,44499
14/09/2026 16:00:00,193,44499,195,47002,193,31,194,97
15/09/2026 10:00:00,190,53,195,26,190,08,194,79
15/09/2026 11:00:00,194,79,195,01501,192,395,194,69499
15/09/2026 12:00:00,194,695,197,62,194,64001,197,355
15/09/2026 13:00:00,197,4,197,41501,196,45,196,955
15/09/2026 14:00:00,196,95001,197,52,196,83,197,3925
15/09/2026 15:00:00,197,3925,197,63,195,98999,196,15
15/09/2026 16:00:00,196,15,196,33,193,29,193,43
16/09/2026 10:00:00,190,04,191,9999,188,18,190,34999
16/09/2026 11:00:00,190,34999,190,90999,189,29999,189,93
16/09/2026 12:00:00,189,93,191,18,189,685,190,70999
16/09/2026 13:00:00,190,62,190,94,190,12999,190,47
16/09/2026 14:00:00,190,47,191,59,190,45,190,70999
16/09/2026 15:00:00,190,54999,191,9652,189,87,190,555
16/09/2026 16:00:00,190,555,191,26999,189,23999,189,67
17/09/2026 10:00:00,189,94,192,11,188,90001,190,13
17/09/2026 11:00:00,190,11,190,98,189,08,190,3
17/09/2026 12:00:00,190,29999,190,675,189,4901,190,18001
17/09/2026 13:00:00,190,175,190,31999,189,33,190,12001
17/09/2026 14:00:00,190,12,191,0876,189,615,191,05
17/09/2026 15:00:00,191,05,191,2181,189,98999,190,59502
17/09/2026 16:00:00,190,59502,190,815,189,9,190,27501
18/09/2026 10:00:00,188,58,189,48,183,59,183,85
18/09/2026 11:00:00,183,84999,184,37,182,87999,183,59
18/09/2026 12:00:00,183,59,184,92,183,06999,184,43
18/09/2026 13:00:00,184,43,184,43,182,5,183,15
18/09/2026 14:00:00,183,15,183,15001,182,2,182,45999
18/09/2026 15:00:00,182,45999,183,41,182,33,182,565
18/09/2026 16:00:00,182,565,182,62999,180,70001,181,2
21/09/2026 10:00:00,186,13,193,75,186,188,19
21/09/2026 11:00:00,188,19,188,93001,185,555,186,92
21/09/2026 12:00:00,186,92001,187,16501,184,985,186,70749
21/09/2026 13:00:00,186,70749,187,71,185,2601,185,70009
21/09/2026 14:00:00,185,70009,186,95001,185,37999,186,285
21/09/2026 15:00:00,186,28499,186,98001,185,44,186,83
21/09/2026 16:00:00,186,83,187,315,185,34001,186,17
22/09/2026 10:00:00,189,38,190,24,184,11,184,35
22/09/2026 11:00:00,184,34999,184,34999,182,155,183,11002
22/09/2026 12:00:00,183,11,184,33,182,34,183,25
22/09/2026 13:00:00,183,25,184,59999,182,6236,183,84
22/09/2026 14:00:00,183,84001,184,74,182,91002,184,47002
22/09/2026 15:00:00,184,47,185,11002,184,09099,184,53001
22/09/2026 16:00:00,184,53,185,5,183,58,183,73
23/09/2026 10:00:00,185,5,188,275,182,56,184,25
23/09/2026 11:00:00,184,25,184,95001,182,71501,183,16501
23/09/2026 12:00:00,183,165,185,47,183,185,40999
23/09/2026 13:00:00,185,41,185,56,184,54001,185,5
23/09/2026 14:00:00,185,50002,185,62,184,33,185,61
23/09/2026 15:00:00,185,61,185,65999,184,54,184,6301
23/09/2026 16:00:00,184,6301,184,86002,183,39499,183,645
24/09/2026 10:00:00,185,76,186,34,180,78,181,68
24/09/2026 11:00:00,181,68,182,28,180,27,180,6
24/09/2026 12:00:00,180,59999,181,06999,179,26,180,31
24/09/2026 13:00:00,180,31,180,84999,179,51999,179,51999
24/09/2026 14:00:00,179,51999,179,9699,179,15,179,715
24/09/2026 15:00:00,179,71501,179,80501,178,55,178,79
24/09/2026 16:00:00,178,79,178,88501,176,87,177,43
25/09/2026 10:00:00,176,97,178,47069,176,177,73999
25/09/2026 11:00:00,177,73999,179,89,177,01,179,49
25/09/2026 12:00:00,179,44,180,04501,178,76999,179,14009
25/09/2026 13:00:00,179,14009,179,48001,176,97,177,03001
25/09/2026 14:00:00,177,03,178,45,176,91,177,105
25/09/2026 15:00:00,177,10501,177,46501,176,65,177,31999
25/09/2026 16:00:00,177,37001,177,43729,175,73999,176,05
28/09/2026 10:00:00,173,51,175,3,172,3,173,065
28/09/2026 11:00:00,173,065,174,34,172,70999,173,27
28/09/2026 12:00:00,173,27,174,97,172,87,173,87
28/09/2026 13:00:00,173,87001,175,76501,173,595,175,64001
28/09/2026 14:00:00,175,63998,177,07999,175,39998,175,96999
28/09/2026 15:00:00,175,97,175,97,174,29,174,51999
28/09/2026 16:00:00,174,51999,174,69,173,15999,174,46501
29/09/2026 10:00:00,173,09,174,37502,172,11,173,90501
29/09/2026 11:00:00,173,90501,175,39,173,58,173,925
29/09/2026 12:00:00,173,925,175,39,173,5,175,23001
29/09/2026 13:00:00,175,23,175,65,174,26999,174,84999
29/09/2026 14:00:00,174,85,175,45,174,33,175,45
29/09/2026 15:00:00,175,45,176,71,174,795,176,56
29/09/2026 16:00:00,176,56,177,77,176,31,177,28
30/09/2026 10:00:00,178,09999,182,34,177,7375,181,11
30/09/2026 11:00:00,181,11,182,37999,179,43,181,415
30/09/2026 12:00:00,181,415,183,59999,181,20999,182,97499
30/09/2026 13:00:00,182,97499,183,36499,181,81,181,81
30/09/2026 14:00:00,181,81,184,29999,179,83499,183,17
30/09/2026 15:00:00,183,16998,183,80998,182,19998,183,29999
30/09/2026 16:00:00,183,385,183,92,182,37999,183,51999
01/10/2026 10:00:00,215,98,226,50002,214,67,224,265
01/10/2026 11:00:00,224,26501,227,63,215,03,215,68001
01/10/2026 12:00:00,215,68,218,93,214,5,216,66
01/10/2026 13:00:00,216,65999,218,43,215,25879,216,18999
01/10/2026 14:00:00,216,19,217,8,215,33,216,14
01/10/2026 15:00:00,216,14,216,27,213,59,214,86
01/10/2026 16:00:00,214,86,216,6,211,035,212,54